0 0.55 0.915625 0.1296875 0.1640625
0 0.67265625 0.8125 0.1046875 0.1265625
0 0.66328125 0.64765625 0.1796875 0.0953125
0 0.421875 0.696875 0.1 0.06875
0 0.45703125 0.55 0.06640625 0.0375
0 0.41953125 0.5859375 0.03203125 0.02890625
0 0.5109375 0.5703125 0.028125 0.02421875
0 0.58984375 0.58125 0.16640625 0.078125
0 0.671875 0.4890625 0.06328125 0.03984375
0 0.33828125 0.56640625 0.1796875 0.16875
0 0.4765625 0.46015625 0.05703125 0.021875
0 0.54140625 0.384375 0.0703125 0.0359375
0 0.42265625 0.40546875 0.11171875 0.03359375
0 0.44140625 0.34921875 0.09296875 0.04921875
0 0.54453125 0.31640625 0.0515625 0.0203125