0 0.11328125 0.6640625 0.1140625 0.0453125
0 0.240625 0.74375 0.26171875 0.06015625
0 0.453125 0.84453125 0.1296875 0.0515625
0 0.75 0.89765625 0.0921875 0.0359375
0 0.8609375 0.68984375 0.19375 0.0359375
0 0.75 0.61484375 0.1203125 0.03046875
0 0.88203125 0.52265625 0.171875 0.0390625
0 0.87109375 0.4265625 0.09375 0.02734375
0 0.97109375 0.31015625 0.05390625 0.03046875
0 0.42890625 0.56640625 0.18984375 0.06015625
0 0.04296875 0.53046875 0.0859375 0.0359375
0 0.31171875 0.42734375 0.1 0.0421875
0 0.52421875 0.3390625 0.06015625 0.02734375
0 0.71875 0.2546875 0.078125 0.02109375
0 0.825 0.2921875 0.07421875 0.02421875
0 0.93125 0.21953125 0.065625 0.01796875
0 0.97109375 0.1328125 0.0421875 0.01171875