0 0.35546875 0.56015625 0.05859375 0.028125
0 0.54921875 0.48359375 0.059375 0.0296875
0 0.60703125 0.52734375 0.0953125 0.0296875
0 0.64140625 0.5890625 0.09296875 0.071875
0 0.7390625 0.765625 0.51953125 0.2640625
0 0.45 0.8984375 0.35390625 0.15703125
0 0.2484375 0.59296875 0.09296875 0.0359375
0 0.06875 0.634375 0.10859375 0.04453125
0 0.10390625 0.71015625 0.12890625 0.0703125
0 0.75546875 0.52578125 0.1296875 0.04921875
0 0.328125 0.509375 0.034375 0.028125
0 0.36328125 0.49296875 0.03046875 0.0234375