0 0.86015625 0.628125 0.1359375 0.11796875
0 0.60625 0.475 0.06796875 0.03828125
0 0.59375 0.5109375 0.04375 0.021875
0 0.55390625 0.53046875 0.06015625 0.04921875
0 0.559375 0.59921875 0.10625 0.06015625
0 0.68203125 0.6609375 0.1078125 0.0578125
0 0.671875 0.53671875 0.07578125 0.0359375
0 0.65234375 0.56328125 0.0640625 0.04375
0 0.740625 0.58828125 0.0578125 0.02734375
0 0.9203125 0.52890625 0.071875 0.04140625
0 0.30703125 0.43984375 0.10234375 0.0328125
0 0.21875 0.42890625 0.06171875 0.021875
0 0.18515625 0.40546875 0.06171875 0.0140625
0 0.16875 0.38984375 0.08984375 0.01640625