0 0.409375 0.3125 0.13203125 0.06484375
0 0.2859375 0.41484375 0.240625 0.11796875
0 0.675 0.46796875 0.0953125 0.07421875
0 0.21171875 0.92734375 0.23125 0.1453125
0 0.775 0.61328125 0.11171875 0.09921875
0 0.71875 0.37734375 0.07265625 0.053125
0 0.90625 0.57421875 0.12578125 0.10390625
0 0.4890625 0.25703125 0.06015625 0.02578125
0 0.52890625 0.2265625 0.065625 0.021875
0 0.06953125 0.709375 0.1125 0.16328125
0 0.6015625 0.2671875 0.08671875 0.04921875
0 0.47578125 0.47734375 0.09140625 0.06875