0 0.27109375 0.37265625 0.1453125 0.07734375
0 0.5109375 0.38828125 0.18359375 0.075
0 0.7140625 0.36328125 0.2109375 0.0484375
0 0.34296875 0.53515625 0.36640625 0.17890625
0 0.58828125 0.4890625 0.07890625 0.0484375
0 0.45703125 0.453125 0.08203125 0.0390625
0 0.53828125 0.4359375 0.07890625 0.03359375
0 0.74921875 0.41640625 0.16328125 0.0484375
0 0.7734375 0.74296875 0.37890625 0.46015625
0 0.44296875 0.775 0.26328125 0.2421875
0 0.08125 0.84765625 0.140625 0.17890625
0 0.26640625 0.93359375 0.1515625 0.128125
0 0.9203125 0.8109375 0.15625 0.2421875
0 0.1421875 0.42890625 0.07734375 0.0484375
0 0.36171875 0.2578125 0.0984375 0.05078125