0 0.275 0.46328125 0.10625 0.04453125
0 0.13671875 0.4984375 0.1234375 0.05390625
0 0.0859375 0.4515625 0.13125 0.04453125
0 0.240625 0.52578125 0.096875 0.0375
0 0.240625 0.58359375 0.1125 0.05859375
0 0.26640625 0.68515625 0.1953125 0.1171875
0 0.50625 0.7703125 0.153125 0.075
0 0.33515625 0.81953125 0.1515625 0.1078125
0 0.815625 0.69453125 0.271875 0.0984375
0 0.72578125 0.55859375 0.1265625 0.065625
0 0.90625 0.5515625 0.171875 0.1078125
0 0.78125 0.45078125 0.065625 0.0421875
0 0.4859375 0.571875 0.265625 0.08671875
0 0.06796875 0.590625 0.0796875 0.08671875
0 0.04296875 0.8109375 0.0515625 0.04921875
0 0.60390625 0.89921875 0.6828125 0.196875