0 0.79921875 0.79375 0.1765625 0.1703125
0 0.1765625 0.6140625 0.34609375 0.25625
0 0.434375 0.82421875 0.2265625 0.253125
0 0.48125 0.3078125 0.06640625 0.040625
0 0.38046875 0.40703125 0.18671875 0.121875
0 0.4484375 0.2390625 0.0609375 0.025
0 0.52890625 0.2625 0.075 0.02265625
0 0.653125 0.45078125 0.0921875 0.06640625
0 0.47890625 0.1953125 0.06640625 0.02734375
0 0.38046875 0.19921875 0.05078125 0.0296875
0 0.63046875 0.33515625 0.11328125 0.08046875
0 0.853125 0.58046875 0.128125 0.12578125
0 0.31875 0.2515625 0.0984375 0.0609375