0 0.32421875 0.296875 0.0890625 0.0890625
0 0.671875 0.02421875 0.12734375 0.0484375
0 0.37890625 0.4265625 0.16328125 0.1203125
0 0.859375 0.01953125 0.18515625 0.03828125
0 0.2328125 0.56015625 0.19453125 0.115625
0 0.02421875 0.65390625 0.04296875 0.178125
0 0.5359375 0.084375 0.18515625 0.11328125
0 0.53984375 0.08515625 0.2015625 0.115625
0 0.7765625 0.0890625 0.1078125 0.09140625
0 0.12890625 0.15625 0.25 0.12265625
0 0.540625 0.1984375 0.16796875 0.15625
0 0.9078125 0.259375 0.1828125 0.15390625