0 0.796875 0.16171875 0.13671875 0.0453125
0 0.890625 0.26953125 0.15546875 0.0671875
0 0.6359375 0.31328125 0.16484375 0.0609375
0 0.43046875 0.31796875 0.225 0.0796875
0 0.2 0.3328125 0.046875 0.053125
0 0.253125 0.375 0.07890625 0.040625
0 0.39765625 0.39140625 0.16015625 0.0671875
0 0.4078125 0.51875 0.23515625 0.128125
0 0.4296875 0.665625 0.06328125 0.03125
0 0.4546875 0.85234375 0.165625 0.0703125
0 0.84375 0.86484375 0.3125 0.1328125
0 0.15 0.9296875 0.29921875 0.140625
0 0.6234375 0.95390625 0.17265625 0.0921875