0 0.72578125 0.61015625 0.22890625 0.16015625
0 0.6890625 0.475 0.2359375 0.103125
0 0.41484375 0.3984375 0.0875 0.05
0 0.17109375 0.5203125 0.34140625 0.13359375
0 0.23046875 0.36796875 0.14609375 0.03671875
0 0.04921875 0.38515625 0.0984375 0.0296875
0 0.0484375 0.35 0.096875 0.03359375
0 0.1921875 0.321875 0.0875 0.0234375
0 0.3515625 0.8484375 0.703125 0.296875
0 0.7104803984375 1 0.706111896875 0.98055555625 0.6986230359375 0.9166666671874999 0.68832585 0.8513888906249999 0.604076159375 0.7652777765625001 0.5422930515625 0.725 0.4786377296875 0.7083333328125 0.404685221875 0.7027777765625001 0.3363493640625 0.7027777765625001 0.281119009375 0.7083333328125 0.2324414109375 0.725 0.1772110578125 0.7541666671875 0.125725134375 0.8027777765625 0.005954471875000001 0.9222222234374999 0.0115199984375 0.9291666671875 0.008711673437500001 0.9958333328125001 0.21989755 1 0.7104803984375 1
0 0.31575499375 0.5472222234374999 0.3410299015625 0.5208333328125 0.3410299015625 0.49583333281249997 0.325116071875 0.4722222234375 0.27269404062499997 0.45972222343749997 0.2183997953125 0.4583333328125 0.1547444734375 0.45694444375 0.075175321875 0.473611109375 0.010583890625 0.49305555625 0.00028670625 0.5291666671875 0.033986581249999995 0.573611109375 0.0639420296875 0.573611109375 0.125725134375 0.5958333328125 0.17627494999999999 0.5916666671875 0.264269071875 0.573611109375 0.31575499375 0.5472222234374999
0 0.7089202203125 0.676388890625 0.7473006343749999 0.6916666671875 0.79785045 0.688888890625 0.832486434375 0.6833333328125 0.846528046875 0.663888890625 0.8484002625 0.626388890625 0.8268697859374999 0.5930555562500001 0.7987865578125 0.56805555625 0.7519811734374999 0.5458333328125 0.702367465625 0.538888890625 0.66305094375 0.54444444375 0.6312232812499999 0.5583333328125 0.6096928046875 0.6222222234375 0.6293510671875 0.6472222234375 0.6621148359375 0.663888890625 0.7089202203125 0.676388890625
0 0.624670528125 0.498611109375 0.6967508203125 0.51944444375 0.781000509375 0.5347222234375 0.8268697859374999 0.51805555625 0.8147003859374999 0.476388890625 0.7463645265625 0.4527777765625 0.7201535125 0.4402777765625 0.7033035734374999 0.438888890625 0.6686675890625 0.4347222234375 0.6583704046875 0.4458333328125 0.6415204671875 0.44166666718750003 0.5750568203124999 0.436111109375 0.562887421875 0.45972222343749997 0.593778975 0.48333333281249996 0.624670528125 0.498611109375
0 0.4346406703125 0.4291666671875 0.45804336250000005 0.42083333281249996 0.4664683296875 0.40416666718750005 0.46272389843750006 0.3916666671875 0.44212952968749997 0.388888890625 0.41779072968750003 0.3791666671875 0.404685221875 0.3777777765625 0.3943880375 0.38333333281250004 0.384231625 0.39027777656249996 0.366304809375 0.40416666718750005 0.3653687015625 0.43055555625 0.3962602546875 0.42777777656250005 0.4346406703125 0.4291666671875
0 0.307330025 0.3583333328125 0.28018290156250003 0.3541666671875 0.2418024875 0.3541666671875 0.19686931875 0.35972222343750004 0.1669138734375 0.36666666718749996 0.150063934375 0.3722222234375 0.1547444734375 0.39444444375 0.1959332109375 0.39027777656249996 0.2391005390625 0.3875 0.2783106875 0.38055555625 0.3082661328125 0.3777777765625 0.31481888593749996 0.36666666718749996 0.307330025 0.3583333328125
0 0.0695586734375 0.38055555625 0.054580949999999996 0.3777777765625 0.028369937499999998 0.38194444375000003 0.008711673437500001 0.38194444375000003 0.0030950296875 0.40555555625000006 0.0330504734375 0.40694444374999994 0.0752428609375 0.4 0.1088751984375 0.39027777656249996 0.107939090625 0.376388890625 0.08547250625 0.3777777765625 0.0695586734375 0.38055555625
0 0.0133922140625 0.348611109375 0.005903353125 0.3527777765625 0.0077755687500000005 0.373611109375 0.0573892734375 0.36805555624999997 0.08266418125 0.36666666718749996 0.0911604625 0.35555555625 0.092961365625 0.34305555625 0.07049478125 0.348611109375 0.0405393375 0.348611109375 0.0133922140625 0.348611109375
0 0.141638965625 0.323611109375 0.15100004218750002 0.3333333328125 0.186572134375 0.3333333328125 0.21091093437500003 0.338888890625 0.22869697968749997 0.34305555625 0.246483025 0.3347222234375 0.2418024875 0.32083333281250004 0.219335903125 0.313888890625 0.195093046875 0.3125 0.165977765625 0.3152777765625 0.1444472875 0.3083333328125 0.141638965625 0.323611109375
0 1 0.5626624765625 0.9963052765624999 0.49444444374999996 0.952308215625 0.48194444374999995 0.931048103125 0.48333333281249996 0.874611278125 0.47777777656250003 0.832486434375 0.47777777656250003 0.960733184375 0.5583333328125 0.943883246875 0.573611109375 0.9186083390625001 0.5930555562500001 0.9757109078124999 0.6402777765625001 1 0.648415246875 1 0.5626624765625