0 0.35546875 0.525 0.06953125 0.04296875
0 0.121875 0.81796875 0.15390625 0.1765625
0 0.20234375 0.88828125 0.0828125 0.103125
0 0.32890625 0.728125 0.0921875 0.08984375
0 0.428125 0.7453125 0.09375 0.08359375
0 0.565625 0.76484375 0.0765625 0.06328125
0 0.4859375 0.8765625 0.08984375 0.1
0 0.3453125 0.8953125 0.09765625 0.11015625
0 0.4015625 0.971875 0.12734375 0.05
0 0.634375 0.9484375 0.12734375 0.08359375
0 0.45859375 0.5703125 0.04296875 0.03984375
0 0.42109375 0.54296875 0.0359375 0.0203125
0 0.52734375 0.5203125 0.15390625 0.13359375
0 0.771875 0.70703125 0.32421875 0.23359375
0 0.93359375 0.90703125 0.1296875 0.1796875
0 0.44453125 0.30390625 0.0359375 0.04609375
0 0.353125 0.390625 0.05625 0.04765625
0 0.063564828125 0.89305555625 0.0885745328125 0.9097222234375 0.11749200625 0.9083333328125001 0.1495356921875 0.8902777765625001 0.1651667578125 0.8736111093750001 0.1862686984375 0.83055555625 0.19017646562499999 0.788888890625 0.1862686984375 0.7472222234375 0.157351225 0.7416666671875001 0.11436579375 0.7416666671875001 0.0737643640625 0.76944444375 0.0557492953125 0.80694444375 0.0541861875 0.85555555625 0.063564828125 0.89305555625
0 0.23863276875 0.94305555625 0.24801140937500002 0.91805555625 0.2511376234375 0.88055555625 0.24566675 0.85 0.22847257812500002 0.8416666671874999 0.20268131718750002 0.8416666671874999 0.16679125781249998 0.9055555562500001 0.180016271875 0.9444444437499999 0.19408423125000002 0.948611109375 0.2190939359375 0.9541666671875 0.23863276875 0.94305555625
0 0.33554538125 0.9638888906249999 0.35586576718749996 0.9597222234375 0.3793123671875 0.948611109375 0.391035665625 0.9361111093750001 0.39181721875000003 0.89305555625 0.389472559375 0.8666666671875 0.369933728125 0.8472222234375 0.3488317875 0.8472222234375 0.321477421875 0.8513888906249999 0.2957781234375 0.8777777765625 0.3011570359375 0.9333333328125001 0.3136618875 0.9527777765625001 0.324603634375 0.9597222234375 0.33554538125 0.9638888906249999
0 0.4727079890625 1 0.47231721249999997 0.9986111093750001 0.45121527187500005 0.975 0.423079353125 0.9597222234375 0.3824385796875 0.95 0.3543026609375 0.9611111093750001 0.3309563609375 0.9916666671875 0.3275208765625 1 0.4727079890625 1
0 0.7063924296875 1 0.7044385453124999 0.9902777765625 0.6770841796875 0.9527777765625001 0.652856028125 0.9361111093750001 0.6239385546875 0.9291666671875 0.60361816875 0.926388890625 0.58017156875 0.9402777765625 0.5686048890625 0.9972222234375 0.570011375 1 0.7063924296875 1
0 0.5020162375 0.93194444375 0.5176473046875001 0.9277777765625 0.5317152625 0.9055555562500001 0.5278074968750001 0.85555555625 0.4973269171875 0.8388888906249999 0.48013274531250005 0.8361111093750001 0.44496284687500004 0.8430555562500001 0.4301133328125 0.9111111093750001 0.45668614375 0.9291666671875 0.479351190625 0.93194444375 0.5020162375 0.93194444375
0 0.45043371875 0.7875 0.46762789062500004 0.7722222234375 0.46840944531249995 0.7375 0.455904590625 0.7222222234375 0.417608478125 0.7152777765625 0.40041430624999996 0.73055555625 0.386346346875 0.75 0.3933803265625 0.7805555562500001 0.4144822671875 0.7958333328125 0.45043371875 0.7875
0 0.286307521875 0.761111109375 0.2894337359375 0.7777777765625 0.29803082187499996 0.7805555562500001 0.3230405265625 0.7805555562500001 0.34570557343749997 0.7708333328125 0.3660259609375 0.7583333328124999 0.3683706203125 0.7291666671875 0.3668075140625 0.6958333328124999 0.35586576718749996 0.69305555625 0.3441424671875 0.69305555625 0.3253851875 0.7027777765625001 0.30750420312500004 0.7208333328125 0.299593928125 0.7208333328125 0.2917783953125 0.726388890625 0.286307521875 0.761111109375
0 0.369933728125 0.5527777765625 0.3816570265625 0.5527777765625 0.39025411249999997 0.54444444375 0.391035665625 0.5319444437499999 0.3832201328125 0.5222222234375 0.3777492609375 0.5166666671875 0.33241916875 0.511111109375 0.3253851875 0.5375 0.3386715953125 0.55 0.35352110625 0.551388890625 0.369933728125 0.5527777765625
0 0.43558420625 0.5541666671875001 0.4332395453125 0.5347222234375 0.43089488593749997 0.526388890625 0.402758965625 0.5375 0.41213760625000007 0.5527777765625 0.423079353125 0.5541666671875001 0.43558420625 0.5541666671875001
0 0.46840944531249995 0.5916666671875 0.4754434234375 0.5847222234375 0.4785696375 0.5694444437499999 0.473098765625 0.55694444375 0.45824925156249996 0.551388890625 0.45121527187500005 0.551388890625 0.4457444 0.5625 0.440273525 0.576388890625 0.44339973906249996 0.5930555562500001 0.455904590625 0.5944444437499999 0.46840944531249995 0.5916666671875
0 0.5997104015625 0.6152777765625 0.6083074875000001 0.586111109375 0.6020550625000001 0.576388890625 0.5965841890625 0.56805555625 0.581734675 0.548611109375 0.5668851625 0.5305555562500001 0.5582880765625 0.513888890625 0.5559434171875 0.4847222234375 0.5340599234375001 0.463888890625 0.5231181765625 0.46666666718750005 0.5129579828125 0.476388890625 0.4957638109375 0.48333333281249996 0.47388031875000003 0.48194444374999995 0.449652165625 0.4875 0.437928865625 0.5152777765625001 0.4645016796875 0.5416666671875 0.49498225781249994 0.5541666671875001 0.5293706046875 0.5652777765625 0.5473463296875 0.586111109375 0.5621958421875 0.6027777765625 0.5856424421875001 0.6180555562500001 0.5997104015625 0.6152777765625
0 0.6286278750000001 0.7180555562500001 0.651292921875 0.74444444375 0.6770841796875 0.7708333328125 0.7990064968749999 0.8430555562500001 0.8412103765625 0.8347222234375 0.9162394953125 0.7958333328125 0.9209288140625 0.726388890625 0.923273475 0.6625 0.853715228125 0.625 0.79822494375 0.625 0.7747783453125 0.663888890625 0.7505501906250001 0.6708333328125 0.7200696109375 0.6375 0.6497298140625001 0.6375 0.6295804984375 0.6291666671875 0.6364434078125 0.6416666671875 0.6184676812500001 0.6722222234374999 0.612996809375 0.7041666671875 0.6286278750000001 0.7180555562500001
0 1 0.870698753125 0.9271812421875 0.79305555625 0.8552783359375 0.85 0.8881035765625 0.8972222234375 0.8888851296875 0.9958333328125001 0.9709482093749999 1 0.9983362078125 1 1 0.9312566359375 1 0.870698753125
0 0.3550842140625 0.4125 0.3675890671875 0.411111109375 0.3785308140625 0.4 0.374623046875 0.388888890625 0.3481546078125 0.3708333328125 0.3308560625 0.3777777765625 0.3285114015625 0.398611109375 0.336326934375 0.40555555625000006 0.3550842140625 0.4125
0 0.4488706109375 0.3125 0.45355993281250007 0.30555555624999997 0.4488706109375 0.286111109375 0.43089488593749997 0.2875 0.42855022500000006 0.30555555624999997 0.439491971875 0.3125 0.4488706109375 0.3125