0 0.2109375 0.45859375 0.08046875 0.0703125
0 0.3796875 0.31171875 0.18203125 0.13671875
0 0.6546875 0.21796875 0.09375 0.05
0 0.61640625 0.2984375 0.08828125 0.08359375
0 0.6640625 0.41328125 0.075 0.0734375
0 0.8921875 0.771875 0.2046875 0.2703125
0 0.1909580171875 0.475 0.184705590625 0.4847222234375 0.19955510468749998 0.4916666671875 0.23081723593749998 0.4916666671875 0.2472298578125 0.4791666671875 0.24644830468749998 0.45416666718750004 0.233161896875 0.44166666718750003 0.20502597812499998 0.4402777765625 0.1776716109375 0.43333333281249997 0.169856078125 0.45694444375 0.1745453984375 0.4583333328125 0.1909580171875 0.475
0 0.2949046078125 0.3527777765625 0.3511764484375 0.3625 0.38790945468750004 0.36805555624999997 0.412919159375 0.38194444375000003 0.4426181859375 0.3708333328125 0.46372012500000004 0.36805555624999997 0.46840944531249995 0.3291666671875 0.45043371875 0.326388890625 0.44105507812500006 0.2902777765625 0.402758965625 0.28055555625 0.40588517968750004 0.2625 0.3886910078125 0.24722222343750003 0.3675890671875 0.261111109375 0.312976371875 0.251388890625 0.30897256875 0.29722222343750004 0.29255995 0.326388890625 0.2949046078125 0.3527777765625
0 0.652074475 0.4402777765625 0.6637977734375 0.45416666718750004 0.6763026265625001 0.438888890625 0.6919336921875 0.451388890625 0.706001653125 0.438888890625 0.6981861203124999 0.426388890625 0.689589034375 0.4222222234375 0.6880259265625 0.3958333328125 0.6747395203125001 0.3958333328125 0.645997009375 0.38194444375000003 0.63019098125 0.39027777656249996 0.6325356421875 0.43194444374999996 0.652074475 0.4402777765625
0 0.576263803125 0.301388890625 0.58017156875 0.33194444375 0.5997104015625 0.336111109375 0.6239385546875 0.3375 0.652074475 0.34305555625 0.6591084546875 0.323611109375 0.6669239874999999 0.3166666671875 0.6653608796875 0.2875 0.652074475 0.276388890625 0.624720109375 0.2708333328125 0.6051812765625 0.273611109375 0.600656171875 0.29305555625 0.5958026359375 0.2916666671875 0.586423996875 0.2958333328125 0.576263803125 0.301388890625
0 0.6419142812499999 0.23055555625 0.6489482609375 0.223611109375 0.6661424328125001 0.23194444375 0.68021039375 0.2375 0.6903705875 0.2402777765625 0.7028754390625 0.22916666718749998 0.6997492265624999 0.21944444375 0.689589034375 0.20694444375 0.679428840625 0.201388890625 0.6661424328125001 0.1972222234375 0.6567637937499999 0.19583333281249998 0.6505113671875 0.20694444375 0.642695834375 0.21527777656249997 0.6395696203125001 0.20416666718749998 0.6208123421875 0.201388890625 0.614559915625 0.223611109375 0.629409428125 0.23194444375 0.6419142812499999 0.23055555625
0 0.8115113515625 0.8194444437499999 0.8177637765625001 0.8458333328125001 0.8458996953125 0.8777777765625 0.9193657078124999 0.8916666671875 0.9654773531249999 0.89305555625 0.9865792921875001 0.8847222234375 0.988923953125 0.8402777765625 0.9850161859375 0.7541666671875 0.9568802671875 0.7125 0.9490647328125 0.66805555625 0.912331728125 0.6458333328125 0.8920113421875 0.65 0.884195809375 0.661111109375 0.8781733703124999 0.6625 0.82167154375 0.675 0.8029142640625 0.6652777765625 0.8052589234375 0.763888890625 0.8115113515625 0.8194444437499999