0 0.44921875 0.7265625 0.1546875 0.09296875
0 0.52421875 0.84296875 0.09765625 0.08671875
0 0.69453125 0.86484375 0.09765625 0.11015625
0 0.62421875 0.578125 0.1015625 0.05703125
0 0.3703125 0.49140625 0.05078125 0.0296875
0 0.4177735421875 0.7666666671875 0.449108296875 0.775 0.48228627187499995 0.776388890625 0.509012975 0.7666666671875 0.523758740625 0.7430555562500001 0.512699415625 0.713888890625 0.49150237656250007 0.698611109375 0.47030533593749996 0.6958333328124999 0.4021061640625 0.698611109375 0.3781442921875 0.7208333328125 0.381830734375 0.7569444437499999 0.3938116703125 0.7652777765625001 0.4177735421875 0.7666666671875
0 0.5265235734375 0.8875 0.5560151062500001 0.8847222234375 0.568917653125 0.88055555625 0.5707608734375 0.8458333328125001 0.5550934953125 0.81805555625 0.5256019625 0.8111111093750001 0.490580765625 0.8263888906249999 0.48228627187499995 0.85555555625 0.49518881875 0.8875 0.5265235734375 0.8875
0 0.6702948015625 0.9152777765625 0.6942566718750001 0.91805555625 0.7209833765625 0.9166666671874999 0.7384939734375 0.9097222234375 0.7431020265625 0.8777777765625 0.7357291421875 0.8430555562500001 0.6878054 0.80694444375 0.652784203125 0.81805555625 0.6426464890625 0.85694444375 0.6518625921875 0.8916666671875 0.6702948015625 0.9152777765625
0 0.6315871640624999 0.61944444375 0.66752996875 0.6180555562500001 0.6684515796875 0.58055555625 0.6207221374999999 0.5555555562500001 0.5836634203125 0.55 0.57813375625 0.5875 0.58919308125 0.611111109375 0.6315871640624999 0.61944444375
0 0.3938116703125 0.501388890625 0.37998751249999996 0.4847222234375 0.3598445578125 0.4722222234375 0.3458879265625 0.488888890625 0.348652759375 0.5083333328124999 0.392890059375 0.513888890625 0.3938116703125 0.501388890625
0 0.48412949375 0.42777777656250005 0.509934584375 0.438888890625 0.53942611875 0.438888890625 0.5532502765625 0.43194444374999996 0.5458773921875 0.39305555625 0.53389645625 0.38055555625 0.5108561953125 0.38055555625 0.48412949375 0.388888890625 0.48412949375 0.42777777656250005
0 0.3753794625 0.34722222343750003 0.359712084375 0.33055555625 0.34404470625 0.348611109375 0.359712084375 0.3583333328125 0.3689281875 0.35555555625 0.3753794625 0.34722222343750003
0 0.30349384687500003 0.7819444437499999 0.289669690625 0.7777777765625 0.270315871875 0.7819444437499999 0.2629429890625 0.8041666671875 0.2693942609375 0.8111111093750001 0.2869048578125 0.8208333328125 0.31639639375 0.83055555625 0.3311421609375 0.8277777765625001 0.35326081249999997 0.8222222234375 0.3578688625 0.7819444437499999 0.3357502125 0.7652777765625001 0.3154747828125 0.773611109375 0.30349384687500003 0.7819444437499999