0 0.4640625 0.5734375 0.346875 0.1
0 0.54296875 0.45 0.19765625 0.053125
0 0.5703125 0.378125 0.0640625 0.0296875
0 0.77890625 0.39140625 0.13125 0.0703125
0 0.91875 0.5484375 0.1578125 0.1234375
0 0.1640625 0.8421875 0.328125 0.1875
0 0.6859375 0.26328125 0.03359375 0.03359375
0 0 0.934268159375 0.00491336875 0.9361111093750001 0.0687871171875 0.9347222234375 0.1604320578125 0.925 0.23448857812499999 0.9027777765625 0.317802159375 0.88055555625 0.3372419984375 0.8277777765625001 0.3215049859375 0.7805555562500001 0.25300270625 0.761111109375 0.165060590625 0.751388890625 0.09285548437499999 0.7597222234375 0.014221643749999999 0.7569444437499999 0 0.7569444437499999 0 0.934268159375
0 1 0.5957670671875 0.997554978125 0.49444444374999996 0.94543115625 0.49027777656250005 0.9000715375 0.4916666671875 0.8463805625 0.4972222234375 0.8389749109375 0.5222222234375 0.8491576828125 0.548611109375 0.8658203984374999 0.5708333328124999 0.8954430062500001 0.5847222234375 0.92413990625 0.5972222234375 0.9491339828124999 0.613888890625 0.9759794718749999 0.626388890625 0.9917164796875 0.6319444437499999 1 0.635672909375 1 0.5957670671875
0 0.7454785562499999 0.411111109375 0.7612155671874999 0.41805555625 0.7880610531250001 0.42777777656250005 0.807500890625 0.43333333281249997 0.8269407265625001 0.4347222234375 0.8417520312500001 0.4291666671875 0.8417520312500001 0.40555555625000006 0.8389749109375 0.39027777656249996 0.8158322484375 0.38055555625 0.7676955109375 0.3583333328125 0.736221490625 0.3708333328125 0.7149302421875 0.3791666671875 0.72233589375 0.401388890625 0.7454785562499999 0.411111109375
0 0.6806791015625 0.28472222343750003 0.6973418171875 0.28194444375 0.6973418171875 0.261111109375 0.6808883109375 0.24444444375000002 0.67605056875 0.25555555625 0.669570625 0.26527777656249996 0.663090678125 0.2708333328125 0.6806791015625 0.28472222343750003
0 0.548303075 0.3916666671875 0.5797770953125 0.3958333328125 0.6038454640625 0.3916666671875 0.6038454640625 0.376388890625 0.59366269375 0.36944444375 0.5558883109375 0.363888890625 0.539971715625 0.363888890625 0.539971715625 0.375 0.5427488359375 0.38333333281250004 0.548303075 0.3916666671875
0 0.439995415625 0.45 0.4492524828125 0.46805555625000006 0.5001663375 0.473611109375 0.5297889437500001 0.47777777656250003 0.569594325 0.48055555625 0.6269881265625 0.473611109375 0.634393778125 0.46805555625000006 0.6436508421875 0.45972222343749997 0.6464279625 0.44722222343749995 0.6306909515625 0.4402777765625 0.6149539421875 0.4347222234375 0.5927369859375 0.43055555625 0.57237144375 0.4222222234375 0.5566344328125 0.4125 0.5464516625 0.42083333281249996 0.5308883109375 0.43055555625 0.512200521875 0.4375 0.489057859375 0.44444444375 0.45850954687499995 0.44444444375 0.439995415625 0.45
0 0.486280740625 0.536111109375 0.464989490625 0.5347222234375 0.43629259062500003 0.538888890625 0.4150013421875 0.54444444375 0.381675909375 0.5527777765625 0.3557561265625 0.561111109375 0.30761938906249997 0.5694444437499999 0.289105259375 0.5972222234375 0.3039165640625 0.6180555562500001 0.3733445484375 0.625 0.464989490625 0.6125 0.4918349796875 0.6166666671875001 0.5751485625 0.6180555562500001 0.59921693125 0.6166666671875001 0.6214338859375 0.6125 0.6269881265625 0.5972222234375 0.6223595937499999 0.5791666671875 0.604771171875 0.5583333328125 0.588108453125 0.536111109375 0.5520058999999999 0.5375 0.523309 0.5375 0.486280740625 0.536111109375