0 0.79453125 0.48046875 0.06015625 0.053125
0 0.6203125 0.35390625 0.25 0.0734375
0 0.1234375 0.628125 0.23671875 0.28984375
0 0.05078125 0.89140625 0.10078125 0.21015625
0 0.55859375 0.8453125 0.37109375 0.2671875
0 0.7578125 0.690625 0.078125 0.0734375
0 0.52421875 0.5375 0.1296875 0.08046875
0 0.3859375 0.6234375 0.06015625 0.03984375
0 0.3375 0.415625 0.06015625 0.04296875
0 0.70234375 0.446875 0.11171875 0.06640625
0 0.71796875 0.52421875 0.046875 0.03359375
0 0.8359375 0.6125 0.05625 0.05625
0 0.79921875 0.77734375 0.06015625 0.06015625
0 0.3828125 0.31953125 0.16953125 0.04296875