0 0.4703125 0.88515625 0.36640625 0.140625
0 0.2953125 0.6234375 0.18984375 0.06171875
0 0.60859375 0.56328125 0.1765625 0.059375
0 0.5796875 0.4609375 0.10703125 0.03359375
0 0.46171875 0.45390625 0.11015625 0.025
0 0.53671875 0.38203125 0.1265625 0.02265625
0 0.95625 0.4265625 0.0875 0.028125
0 0.77109375 0.46875 0.03984375 0.03828125
0 0.85625 0.33203125 0.04921875 0.021875
0 0.7234375 0.35703125 0.03515625 0.01640625
0 0.77578125 0.3875 0.04921875 0.01640625
0 0.24609375 0.35625 0.05234375 0.02578125
0 0.3553337734375 0.9873595500000001 0.3969905640625 0.9705056187500001 0.383660390625 0.964887640625 0.4086544671875 0.9536516859375 0.4869692328125 0.9536516859375 0.55028755625 0.938202246875 0.6102733406249999 0.9255617984375 0.653596403125 0.9073033703125001 0.6602614906250001 0.8778089890624999 0.6552626734375 0.8567415734375 0.6086070671875 0.8314606734375 0.5569526437500001 0.8202247187499999 0.48863550624999996 0.8174157296875 0.43531481406249994 0.8384831453125001 0.3470024140625 0.84831460625 0.35366749999999997 0.8890449437499999 0.3072656265625 0.9044943812499999 0.2986805359375 0.9339887640625 0.3020130796875 0.9719101125 0.3553337734375 0.9873595500000001
0 0.29201545 0.6629213484375 0.35033495625 0.647471909375 0.39532429375 0.6362359546875 0.3853266640625 0.6095505625000001 0.3553337734375 0.61095505625 0.318675796875 0.6095505625000001 0.2636888296875 0.5969101125 0.2320296703125 0.59831460625 0.20370305000000002 0.6067415734375 0.1903728765625 0.630617978125 0.20370305000000002 0.65168539375 0.29201545 0.6629213484375
0 0.565284003125 0.6011235953125 0.5969431640625 0.602528090625 0.6302686 0.602528090625 0.6519301296875 0.5997191015625 0.67692420625 0.59831460625 0.6869218359375 0.5926966296875 0.6935869234375 0.5814606734375001 0.6852555640625 0.57022471875 0.67692420625 0.563202246875 0.6552626734375 0.5533707859375 0.63360114375 0.547752809375 0.6019419796875 0.5449438203125 0.5586189171875 0.5449438203125 0.526959753125 0.5603932578124999 0.5202946671875 0.591292134375 0.5402899265625 0.59831460625 0.565284003125 0.6011235953125
0 0.5236272093750001 0.47471910156249997 0.5286260265625 0.4817415734375 0.5402899265625 0.48455056250000006 0.5586189171875 0.4887640453125 0.583612990625 0.4887640453125 0.6102733406249999 0.4887640453125 0.621937240625 0.48595505625 0.6352674140625 0.4719101125 0.6369336859375 0.4606741578125 0.6369336859375 0.4550561796875 0.62693605625 0.4480337078125 0.611939609375 0.44382022499999996 0.5936106203125 0.44101123593749997 0.5252934828125 0.450842696875 0.5236272093750001 0.47471910156249997
0 0.5136295796875 0.4719101125 0.515295853125 0.4550561796875 0.470598959375 0.44522471875 0.4136532796875 0.4466292140625 0.4103207359375 0.46488764062500004 0.46697397343749997 0.4719101125 0.5136295796875 0.4719101125
0 0.511963309375 0.3988764046875 0.53862365625 0.40168539374999995 0.58861180625 0.397471909375 0.603608253125 0.3848314609375 0.5969431640625 0.3792134828125 0.5422656265625 0.375 0.50363195 0.3721910109375 0.48197042031250004 0.3792134828125 0.4869692328125 0.3932584265625 0.511963309375 0.3988764046875
0 0.24036102656249997 0.367977528125 0.26202255937499996 0.369382021875 0.272020190625 0.366573034375 0.277019003125 0.3567415734375 0.24535984375000003 0.34550561874999997 0.22369830937500002 0.34831460625 0.2170332234375 0.35393258437499997 0.22369830937500002 0.3637640453125 0.24036102656249997 0.367977528125
0 0.856881546875 0.3384831453125 0.8702117203125 0.3384831453125 0.8785430765625 0.33146067343749996 0.860214090625 0.32022471874999997 0.8352200140624999 0.32022471874999997 0.8285549265625001 0.32724719062499996 0.8368862859374999 0.3356741578125 0.856881546875 0.3384831453125
0 0.78856440625 0.394662921875 0.803560853125 0.3862359546875 0.79522949375 0.3792134828125 0.77893229375 0.3778089890625 0.760237790625 0.380617978125 0.7552389734375 0.3848314609375 0.7702354203125 0.39606741562500003 0.78856440625 0.394662921875
0 0.7818993203125 0.478932584375 0.77690050625 0.45224719062499996 0.761904059375 0.45224719062499996 0.7569052468749999 0.46769662968750003 0.7669028765625 0.477528090625 0.7818993203125 0.478932584375
0 0.7485738859375 0.3651685390625 0.72691235625 0.3441011234375 0.6919206499999999 0.3511235953125 0.7085833671875 0.36235955 0.7285786265625 0.3637640453125 0.7485738859375 0.3651685390625
0 0.98851700625 0.436797753125 0.9985146359374999 0.436797753125 0.9935158234375001 0.424157303125 0.961856659375 0.4199438203125 0.9435276734375 0.4185393265625 0.9135347828124999 0.42275280937500004 0.9318637703125001 0.436797753125 0.956857846875 0.436797753125 0.98851700625 0.436797753125