0 0.56328125 0.80859375 0.221875 0.18359375
0 0.5609375 0.5 0.18125 0.09296875
0 0.640625 0.4015625 0.14453125 0.06328125
0 0.65078125 0.3296875 0.1015625 0.03984375
0 0.540625 0.371875 0.1265625 0.05703125
0 0.39609375 0.425 0.09921875 0.04296875
0 0.39375 0.38515625 0.08125 0.03671875
0 0.4671875 0.33203125 0.05234375 0.0234375
0 0.58671875 0.3 0.075 0.0265625
0 0.553125 0.2765625 0.07890625 0.0265625
0 0.10625 0.7546875 0.09921875 0.08984375
0 0.60625 0.23828125 0.0546875 0.0234375
0 0.3515625 0.346875 0.07890625 0.03359375
0 0.1058434296875 0.73055555625 0.08039697343749999 0.7472222234375 0.0672025140625 0.7708333328125 0.070972359375 0.786111109375 0.091706509375 0.7916666671875 0.10867081406250001 0.7916666671875 0.11723168749999999 0.7916666671875 0.14731172812499999 0.7583333328124999 0.1520240359375 0.726388890625 0.127520040625 0.7125 0.1058434296875 0.73055555625
0 0.46869105 0.8819444437499999 0.4875402765625 0.89305555625 0.5167565796875 0.9041666671874999 0.553512571875 0.9083333328125001 0.5949808703125 0.9111111093750001 0.6270245562500001 0.9013888906249999 0.6515285515625 0.886111109375 0.6647230109375 0.8708333328125001 0.6713202390624999 0.8458333328125001 0.6826297765625 0.8152777765625 0.67980239375 0.788888890625 0.6543559359375 0.7722222234375 0.6289094796875 0.7597222234375 0.5968657937499999 0.7402777765625 0.5553974937499999 0.73055555625 0.5261811921875 0.7208333328125 0.5035621203125 0.723611109375 0.465863665625 0.748611109375 0.4564390515625 0.8111111093750001 0.4602088984375 0.8597222234374999 0.46869105 0.8819444437499999
0 0.538433190625 0.5472222234374999 0.5733042609375001 0.55 0.603463021875 0.551388890625 0.6439888625 0.55 0.6515285515625 0.5375 0.6496436296875 0.49444444374999996 0.6298519406249999 0.47083333281249995 0.6081753296875 0.45694444375 0.5299510390625 0.45 0.52523873125 0.45555555625000005 0.4837704328125 0.5027777765625 0.4800005859375 0.5277777765625 0.50544704375 0.54444444375 0.538433190625 0.5472222234374999
0 0.6713202390624999 0.44444444375 0.7071337718749999 0.4347222234375 0.70996115625 0.41527777656250003 0.7052488484375 0.3847222234375 0.6722627015625 0.375 0.64775870625 0.3708333328125 0.6157150203125 0.3708333328125 0.6078572921875 0.37253624375 0.574246721875 0.375 0.5761316453124999 0.41944444374999995 0.603463021875 0.436111109375 0.6364491703125 0.44305555625000004 0.6713202390624999 0.44444444375
0 0.6760325468749999 0.351388890625 0.70053654375 0.34722222343750003 0.6986516203125 0.32083333281250004 0.674147625 0.3125 0.6524710140625001 0.3083333328125 0.6449313234375 0.3152777765625 0.603463021875 0.325 0.6062904078125 0.348611109375 0.6251396328125 0.348611109375 0.6760325468749999 0.351388890625
0 0.568591953125 0.4 0.5855562578125 0.376388890625 0.5968657937499999 0.3583333328125 0.5827288734375 0.3458333328125 0.5629371859375001 0.34305555625 0.5356058046875 0.34305555625 0.5075031812499999 0.3458333328125 0.4734033578125 0.3708333328125 0.4837704328125 0.39444444375 0.52523873125 0.4027777765625 0.568591953125 0.4
0 0.36125045624999996 0.3722222234375 0.37255999375000004 0.3625 0.388581834375 0.3541666671875 0.3848119890625 0.3347222234375 0.37161753124999997 0.3347222234375 0.3640778390625 0.3347222234375 0.359365534375 0.33194444375 0.32166707968749997 0.34027777656249997 0.32166707968749997 0.35972222343750004 0.3414587671875 0.363888890625 0.36125045624999996 0.3722222234375
0 0.4291076734375 0.401388890625 0.43758982656249995 0.3847222234375 0.415913215625 0.3708333328125 0.398948909375 0.36944444375 0.379157221875 0.36944444375 0.3603079953125 0.3722222234375 0.3529028796875 0.373611109375 0.35653815 0.3958333328125 0.38292706718749997 0.4027777765625 0.40837352187500003 0.4027777765625 0.4291076734375 0.401388890625
0 0.42439536718750004 0.44722222343749995 0.4394747484375 0.43194444374999996 0.43758982656249995 0.41527777656250003 0.4206255203125 0.40833333281249995 0.396121525 0.40833333281249995 0.3678476859375 0.411111109375 0.35653815 0.41527777656250003 0.3471135359375 0.4402777765625 0.3669052234375 0.448611109375 0.3876393734375 0.4458333328125 0.42439536718750004 0.44722222343749995
0 0.48471289375 0.35 0.49507996875 0.34444444375 0.48659781718749995 0.33194444375 0.4734033578125 0.32777777656249996 0.458323975 0.326388890625 0.4564390515625 0.32083333281250004 0.441359671875 0.338888890625 0.446071978125 0.3541666671875 0.464921203125 0.3527777765625 0.48471289375 0.35
0 0.56670703125 0.33194444375 0.5761316453124999 0.326388890625 0.5629371859375001 0.3125 0.55162765 0.3125 0.5480386265625 0.3166666671875 0.5308935 0.32777777656249996 0.5450304187499999 0.3375 0.5591673390625 0.3375 0.56670703125 0.33194444375
0 0.59780825625 0.31944444375000003 0.6119451765624999 0.31944444375000003 0.6251396328125 0.32083333281250004 0.6260820953125 0.3027777765625 0.6232547125 0.2958333328125 0.6091177921875001 0.2958333328125 0.57707410625 0.29305555625 0.5706630609375 0.2875 0.554455034375 0.301388890625 0.5619947234375 0.3125 0.58084395 0.31805555625 0.59780825625 0.31944444375000003
0 0.5619947234375 0.2916666671875 0.5780165671875 0.29444444375 0.591211025 0.2916666671875 0.5883836421875001 0.276388890625 0.5733042609375001 0.26944444375 0.5553974937499999 0.26527777656249996 0.5431454984374999 0.261111109375 0.521468884375 0.26805555625 0.5195839640625 0.2875 0.5403181125 0.2902777765625 0.5619947234375 0.2916666671875
0 0.624197171875 0.25 0.6383340921875 0.25 0.6364491703125 0.236111109375 0.624197171875 0.22777777656249998 0.5959233328125 0.22777777656249998 0.59800091875 0.223611109375 0.58084395 0.236111109375 0.591211025 0.24583333281250003 0.6081753296875 0.248611109375 0.624197171875 0.25
0 0.680744853125 0.2416666671875 0.6779174703125 0.23333333281250002 0.6753010703125 0.23333333281250002 0.65812578125 0.23333333281250002 0.6675503953125 0.24583333281250003 0.6760325468749999 0.24444444375000002 0.680744853125 0.2416666671875