0 0.66796875 0.61171875 0.26328125 0.196875
0 0.325 0.8515625 0.43671875 0.2765625
0 0.8015625 0.93671875 0.3296875 0.1203125
0 0.91796875 0.7453125 0.15703125 0.13671875
0 0.34140625 0.4546875 0.38984375 0.16328125
0 0.68671875 0.38359375 0.153125 0.06640625
0 0.8765625 0.43671875 0.13984375 0.1
0 0.971875 0.51328125 0.05 0.06015625
0 0.6265625 0.18359375 0.153125 0.053125
0 0.48203125 0.278125 0.18984375 0.06328125
0 0.4015625 0.21796875 0.08359375 0.03671875
0 0.21640625 0.228125 0.19296875 0.0703125
0 0.69296875 0.125 0.1 0.03671875
0 0.58671875 0.10703125 0.13359375 0.03984375
0 0.33984375 0.15703125 0.246875 0.06640625
0 0.75 0.06796875 0.1796875 0.0703125
0 0.56796875 0.34296875 0.13671875 0.053125
0 0.68828125 0.28203125 0.06328125 0.03671875
0 0.04140625 0.709375 0.0828125 0.10625
0 0.86328125 0.25234375 0.16171875 0.15859375
0 0.12256126406250001 0.9472222234375 0.1461667765625 0.9833333328125 0.1808807703125 0.9902777765625 0.4752554328125 0.975 0.5419063000000001 0.8763888906249999 0.5655118140625001 0.80694444375 0.498860946875 0.701388890625 0.390553290625 0.6875 0.28502275 0.698611109375 0.20448628593749998 0.74444444375 0.1475553359375 0.786111109375 0.114229903125 0.8375 0.10450998593750001 0.89444444375 0.12256126406250001 0.9472222234375
0 0.643271159375 0.723611109375 0.6988135468750001 0.725 0.7474131359375 0.7041666671875 0.779350009375 0.68194444375 0.7946241703125 0.6597222234375 0.8043440859375 0.6166666671875001 0.805732646875 0.5722222234375 0.783515690625 0.5277777765625 0.7404703406250001 0.51944444375 0.69187075 0.5208333328125 0.65715675625 0.5222222234375 0.5974486859375 0.5347222234375 0.5669003734375 0.54305555625 0.540517740625 0.5722222234375 0.5460719765625 0.626388890625 0.583563090625 0.6791666671875001 0.6030029265625 0.701388890625 0.643271159375 0.723611109375
0 0.9737483734374999 1 0.9751369328124999 0.988888890625 0.9751369328124999 0.9694444437499999 0.9598627765625001 0.9347222234375 0.933480140625 0.91805555625 0.8418352 0.9097222234375 0.7737957734375 0.9138888906249999 0.729361859375 0.9208333328125 0.6890936296875 0.9708333328125001 0.6877681859375 1 0.9737483734374999 1
0 0.970971253125 0.80694444375 0.9820797296875 0.7722222234375 0.970971253125 0.7097222234375 0.91959454375 0.698611109375 0.8918233499999999 0.70555555625 0.8584979171875 0.7541666671875 0.8848805499999999 0.7875 0.95014285625 0.8111111093750001 0.970971253125 0.80694444375
0 0.993188209375 0.54444444375 0.9935546859375 0.4847222234375 0.9612513359375001 0.498611109375 0.95708565625 0.523611109375 0.9876339703125 0.54444444375 0.993188209375 0.54444444375
0 0.8737720734375 0.47777777656250003 0.8904347906250001 0.48333333281249996 0.91959454375 0.48194444374999995 0.9543085359375001 0.45416666718750004 0.9376458203125001 0.42777777656250005 0.9029318265624999 0.388888890625 0.86960639375 0.3916666671875 0.82656104375 0.4125 0.8168411234375 0.436111109375 0.8557207968749999 0.46666666718750005 0.8737720734375 0.47777777656250003
0 0.7015906671875001 0.41944444374999995 0.755744496875 0.42083333281249996 0.7585216171875 0.3972222234375 0.755744496875 0.36666666718749996 0.7168648234375 0.35972222343750004 0.6946478671875 0.3527777765625 0.6349397999999999 0.35972222343750004 0.614111403125 0.38333333281250004 0.643271159375 0.4097222234375 0.7015906671875001 0.41944444374999995
0 0.3030740265625 0.526388890625 0.3030740265625 0.5152777765625001 0.45859271718750005 0.5208333328125 0.540517740625 0.44166666718750003 0.5252435828124999 0.38055555625 0.41277024375 0.39027777656249996 0.30029690625 0.38055555625 0.2655829140625 0.3708333328125 0.2169833234375 0.3708333328125 0.176715090625 0.3777777765625 0.171160853125 0.4027777765625 0.1447782171875 0.46805555625000006 0.1808807703125 0.51944444375 0.2378117203125 0.5208333328125 0.3030740265625 0.526388890625
0 0.5960601265625 0.375 0.614111403125 0.3708333328125 0.6279969999999999 0.35972222343750004 0.6349397999999999 0.3333333328125 0.6182770828125 0.31944444375000003 0.5807859703125 0.31944444375000003 0.51968934375 0.3222222234375 0.51274654375 0.33194444375 0.5169122234375 0.3652777765625 0.5391291796875 0.36805555624999997 0.56967749375 0.373611109375 0.5960601265625 0.375
0 0.8529436765625 0.24583333281250003 0.8460008765625 0.2666666671875 0.8890462296875 0.2722222234375 0.91265174375 0.26805555625 0.8529436765625 0.24583333281250003
0 0.8709949531250001 0.301388890625 0.8515551171875 0.2958333328125 0.8307267203125 0.2875 0.8098983265624999 0.311111109375 0.8446123203125 0.323611109375 0.8765491937500001 0.3125 0.8709949531250001 0.301388890625
0 0.905708946875 0.1972222234375 0.8946004703125 0.1916666671875 0.8504991328125 0.1847222234375 0.8432237593749999 0.213888890625 0.8890462296875 0.21944444375 0.9168174234375 0.2166666671875 0.905708946875 0.1972222234375
0 0.6946478671875 0.3 0.7168648234375 0.29305555625 0.7224190640625 0.288888890625 0.7182533828125 0.2708333328125 0.697721353125 0.2666666671875 0.6599338765625 0.273611109375 0.655768196875 0.288888890625 0.671042353125 0.3 0.6946478671875 0.3
0 0.4655355140625 0.32083333281250004 0.49469526718749995 0.32083333281250004 0.529409259375 0.3152777765625 0.5544033359375 0.3097222234375 0.5724546140625 0.30416666718749996 0.57800885 0.288888890625 0.5738431734375 0.2708333328125 0.5585690171875 0.25833333281250004 0.5252435828124999 0.2527777765625 0.49330670625 0.2541666671875 0.4296658 0.26527777656249996 0.390553290625 0.2791666671875 0.40305032656249995 0.3097222234375 0.4377643203125 0.31944444375000003 0.4655355140625 0.32083333281250004
0 0.5669003734375 0.213888890625 0.598837246875 0.21944444375 0.65021395625 0.223611109375 0.6724309140625 0.2208333328125 0.6988135468750001 0.213888890625 0.7140877031249999 0.20277777656249998 0.7154762640625 0.18194444375000002 0.6946478671875 0.1625 0.655768196875 0.1652777765625 0.583563090625 0.1625 0.5613461328125 0.1652777765625 0.5488490968749999 0.1875 0.5669003734375 0.213888890625
0 0.7140877031249999 0.161111109375 0.7349161 0.151388890625 0.7404703406250001 0.1375 0.7376932203125001 0.1166666671875 0.7251961828125 0.1097222234375 0.6974249859375 0.10694444375 0.6449435765625 0.1166666671875 0.65715675625 0.138888890625 0.6752080328125001 0.14305555625 0.683539390625 0.151388890625 0.7140877031249999 0.161111109375
0 0.6085571671875 0.13333333281249998 0.6279969999999999 0.125 0.6418826 0.113888890625 0.6460482765625 0.1 0.6418826 0.086111109375 0.6224427640625 0.08194444375 0.576620290625 0.0791666671875 0.533574940625 0.09305555625 0.514135103125 0.11944444375 0.5307978203125 0.1277777765625 0.5807859703125 0.13333333281249998 0.6085571671875 0.13333333281249998
0 0.66271099375 0.04305555625 0.6599338765625 0.0625 0.679373709375 0.0777777765625 0.6904821906249999 0.0902777765625 0.705756346875 0.0972222234375 0.7224190640625 0.1027777765625 0.75019025625 0.1097222234375 0.779350009375 0.1097222234375 0.7946241703125 0.1041666671875 0.805732646875 0.08888889062500001 0.8251724828125001 0.075 0.8321152796875 0.055555556250000006 0.82656104375 0.0333333328125 0.8071212062500001 0.030555556249999997 0.75019025625 0.036111109375 0.729361859375 0.030555556249999997 0.6877050703124999 0.03194444375 0.66271099375 0.04305555625
0 0.042024796875 0.761111109375 0.064241753125 0.7375 0.079515909375 0.7152777765625 0.083681590625 0.69305555625 0.07812735 0.673611109375 0.061464632812499996 0.6708333328125 0.0074435765625 0.6569444437499999 0.0017565671875 0.76805555625 0.01980784375 0.7666666671875 0.042024796875 0.761111109375
0 0.3461193765625 0.3652777765625 0.35722785625000003 0.35694444375 0.364170653125 0.3458333328125 0.35583929687500004 0.32777777656249996 0.33917657968750003 0.3291666671875 0.3016854671875 0.34305555625 0.298908346875 0.3583333328125 0.3239024234375 0.36666666718749996 0.3461193765625 0.3652777765625
0 0.2808570703125 0.3083333328125 0.291965546875 0.30416666718749996 0.291965546875 0.28055555625 0.25308587656250003 0.28194444375 0.22670324062499997 0.2875 0.22670324062499997 0.3 0.24336595625 0.3097222234375 0.2808570703125 0.3083333328125
0 0.179492209375 0.3722222234375 0.2114290828125 0.36805555624999997 0.2308689203125 0.3541666671875 0.22253756406249997 0.33194444375 0.198932046875 0.3291666671875 0.176715090625 0.338888890625 0.1406125359375 0.348611109375 0.1475553359375 0.363888890625 0.1600523734375 0.3722222234375 0.179492209375 0.3722222234375
0 0.032304879687499996 0.46666666718750005 0.061464632812499996 0.4527777765625 0.06979599375 0.43194444374999996 0.0684074328125 0.41805555625 0.0545218359375 0.4097222234375 0.0045336859375 0.3972222234375 0.0045336859375 0.46944444374999994 0.007310803124999999 0.46944444374999994 0.032304879687499996 0.46666666718750005
0 0.1461667765625 0.275 0.20309772656249997 0.2708333328125 0.255862996875 0.263888890625 0.29474266718750003 0.25555555625 0.3100168234375 0.23194444375 0.3016854671875 0.20277777656249998 0.2614172328125 0.19583333281249998 0.2114290828125 0.2 0.1725494140625 0.2 0.1600523734375 0.2125 0.136446859375 0.23055555625 0.1100642234375 0.25555555625 0.1183955828125 0.2708333328125 0.1461667765625 0.275
0 0.214206203125 0.1902777765625 0.264194353125 0.19583333281249998 0.31418250312499996 0.19305555624999998 0.35583929687500004 0.1916666671875 0.40027320624999996 0.1833333328125 0.4474842359375 0.1722222234375 0.46970119375 0.1597222234375 0.4655355140625 0.1402777765625 0.4516499171875 0.1291666671875 0.4183244828125 0.1277777765625 0.371113453125 0.1277777765625 0.33362234062499996 0.13611110937499998 0.31140538281249996 0.1472222234375 0.2516973171875 0.148611109375 0.22253756406249997 0.1527777765625 0.19198924687500002 0.175 0.214206203125 0.1902777765625