0 0.3453125 0.69140625 0.1546875 0.0703125
0 0.5859375 0.59140625 0.22734375 0.096875
0 0.7390625 0.8765625 0.1828125 0.1
0 0.30625 0.9703125 0.2078125 0.053125
0 0.84609375 0.69140625 0.09765625 0.03671875
0 0.3679268171875 0.7222222234375 0.404376509375 0.7222222234375 0.41687354687499995 0.711111109375 0.3825066921875 0.68194444375 0.37849935 0.6805555562500001 0.316897246875 0.673611109375 0.2887789125 0.6902777765625 0.3221043453125 0.7152777765625 0.3679268171875 0.7222222234375
0 0.531429725 0.5527777765625 0.5178912671875 0.5652777765625 0.49602145000000003 0.5652777765625 0.4897729328125 0.576388890625 0.47623447499999993 0.60694444375 0.516849846875 0.6222222234375 0.565796578125 0.6375 0.6105776281249999 0.6402777765625001 0.685559853125 0.6375 0.7043054093750001 0.6041666671875 0.6824355953125 0.5972222234375 0.60120485 0.576388890625 0.598080590625 0.5694444437499999 0.560589478125 0.561111109375 0.531429725 0.5527777765625
0 0.8406695203125001 0.679632590625 0.80115745 0.69305555625 0.8178201671875 0.7125 0.8646840578124999 0.7125 0.884471034375 0.7 0.8678083171875001 0.6902777765625 0.8406695203125001 0.679632590625
0 0.6678557171875 0.9041666671874999 0.6824355953125 0.9111111093750001 0.699098309375 0.9208333328125 0.7303409046875 0.9277777765625 0.770956278125 0.9222222234374999 0.803240290625 0.9222222234374999 0.8199030078125 0.9125 0.808447390625 0.89305555625 0.816778746875 0.85555555625 0.7876189921875001 0.8458333328125001 0.7303409046875 0.8472222234375 0.7095125078125 0.8458333328125001 0.6626486171875 0.886111109375 0.6678557171875 0.9041666671874999
0 0.3970865703125 0.9736111093750001 0.3720924953125 0.95694444375 0.331477121875 0.9597222234375 0.256494896875 0.9597222234375 0.21900378437499998 0.98194444375 0.223169465625 0.9902777765625 0.403335090625 0.9902777765625 0.3970865703125 0.9736111093750001
0 0.498104290625 0.5125 0.5095599078124999 0.5 0.49081435312500005 0.486111109375 0.47415163437499996 0.486111109375 0.48769009218750003 0.48055555625 0.440826203125 0.4972222234375 0.4554060796875 0.5152777765625001 0.481441575 0.5166666671875 0.498104290625 0.5125
0 0.43457768281250003 0.4402777765625 0.4179149671875 0.43194444374999996 0.4085421875 0.425 0.39812799062500004 0.438888890625 0.4220806453125 0.4458333328125 0.4324948421875 0.44722222343749995 0.43457768281250003 0.4402777765625
0 0.4765625 0.50390625 0.0765625 0.046875
0 0.4203125 0.4390625 0.0484375 0.046875