0 0.79296875 0.4796875 0.06015625 0.053125
0 0.61953125 0.353125 0.25078125 0.0734375
0 0.12265625 0.628125 0.2375 0.28984375
0 0.05 0.890625 0.1 0.209375
0 0.559375 0.84296875 0.37109375 0.26640625
0 0.75703125 0.68984375 0.078125 0.0734375
0 0.5234375 0.53671875 0.1296875 0.0796875
0 0.3859375 0.6234375 0.06015625 0.03984375
0 0.33671875 0.41484375 0.06015625 0.04296875
0 0.70234375 0.446875 0.11171875 0.06640625
0 0.71953125 0.5234375 0.046875 0.03359375
0 0.8359375 0.61171875 0.05625 0.05703125
0 0.79765625 0.7765625 0.06015625 0.06015625
0 0.3828125 0.31796875 0.1703125 0.04296875
0 0.1969208328125 0.6597222234375 0.20717194375 0.65 0.23140184531250002 0.6291666671875 0.25190406875 0.5958333328125 0.2341976046875 0.573611109375 0.20996770312500002 0.5375 0.19785275156249998 0.511111109375 0.144733353125 0.5 0.09534163125 0.55 0.05247334375 0.5902777765625 0.05899678125 0.613888890625 0.049677585937500005 0.6555555562500001 0.022651928125 0.68194444375 0.042281296875 0.7041666671875 0.07297556875 0.7166666671875 0.122367290625 0.686111109375 0.1969208328125 0.6597222234375
0 0.007275259375 1 0.0151965734375 0.9958333328125001 0.04035839375 0.9847222234374999 0.08695435781250001 0.9055555562500001 0.10372890625 0.8444444437499999 0.0608606171875 0.8083333328125001 0.0767704828125 0.7847222234375 0.09347779218749999 0.7819444437499999 0.122367290625 0.79444444375 0.15871214375 0.7791666671875 0.1922612375 0.726388890625 0.2248784109375 0.676388890625 0.20064850937499998 0.6583333328125 0.16616749687500001 0.6583333328125 0.1027969859375 0.70694444375 0.054337182812499996 0.75555555625 0.0021497046874999997 0.7958333328125 0 0.9560242671875001 0 1 0.007275259375 1
0 0.532411771875 0.9458333328125 0.6405144093749999 0.988888890625 0.711340275 0.9847222234374999 0.7542085609375 0.9583333328125001 0.7542085609375 0.8875 0.739297853125 0.823611109375 0.71040835625 0.79305555625 0.63678673125 0.751388890625 0.574348140625 0.7222222234375 0.517501065625 0.7208333328125 0.46997318125 0.7125 0.43735600625000004 0.7041666671875 0.4056707515625 0.6944444437499999 0.3749174140625 0.7041666671875 0.3693259 0.7375 0.37864509218750003 0.8041666671875 0.42151337812499995 0.8597222234374999 0.48208813125 0.91805555625 0.532411771875 0.9458333328125
0 0.37771317187500003 0.5972222234375 0.3693259 0.598611109375 0.351619434375 0.625 0.351619434375 0.6375 0.3674620609375 0.6583333328125 0.373985496875 0.6583333328125 0.394630290625 0.6583333328125 0.4168537828125 0.638888890625 0.4196495390625 0.6166666671875001 0.4084665078125 0.6027777765625 0.37771317187500003 0.5972222234375
0 0.32832145156250003 0.45416666718750004 0.34323215937499996 0.451388890625 0.3525513515625 0.4458333328125 0.3683939796875 0.43055555625 0.3721216578125 0.4125 0.348823675 0.39305555625 0.31900225781249997 0.4027777765625 0.311546903125 0.4222222234375 0.310614984375 0.4375 0.32832145156250003 0.45416666718750004
0 0.474632778125 0.336111109375 0.47276893906249995 0.3097222234375 0.4056707515625 0.298611109375 0.37864509218750003 0.3027777765625 0.3506875140625 0.3027777765625 0.3273895328125 0.301388890625 0.310614984375 0.2958333328125 0.28638508281249997 0.3152777765625 0.30315963125 0.33055555625 0.3460279171875 0.3347222234375 0.3685303640625 0.3347222234375 0.3954196390625 0.34722222343750003 0.428968734375 0.35 0.45972206875 0.3416666671875 0.474632778125 0.336111109375
0 0.6600847140625 0.39444444375 0.695497646875 0.39444444375 0.7458212890625 0.38055555625 0.7579362374999999 0.36944444375 0.74488936875 0.3458333328125 0.7020210812500001 0.3291666671875 0.6479697625 0.31944444375000003 0.6172164265625 0.3152777765625 0.5836673328125 0.3222222234375 0.5715523828125 0.3375 0.5389352078125 0.33055555625 0.5156372265625 0.32777777656249996 0.496998840625 0.3333333328125 0.48488389062500004 0.3458333328125 0.50835139375 0.361111109375 0.5361394500000001 0.3777777765625 0.6013737984375 0.38333333281250004 0.630263296875 0.3875 0.6600847140625 0.39444444375
0 0.75514048125 0.4972222234375 0.7663235125 0.461111109375 0.73650209375 0.4375 0.71040835625 0.423611109375 0.6768592625000001 0.411111109375 0.6546974046875 0.43333333281249997 0.66940390625 0.4583333328125 0.696429565625 0.46944444374999994 0.7281148203125001 0.4875 0.75514048125 0.4972222234375
0 0.7644596734375 0.5 0.78123421875 0.513888890625 0.8017364453125 0.5222222234375 0.8241025078125 0.511111109375 0.8231705890625 0.4875 0.81385139375 0.4652777765625 0.7861291718750001 0.4652777765625 0.7607319953125 0.476388890625 0.7570043203125 0.486111109375 0.7644596734375 0.5
0 0.5193649031249999 0.575 0.5473224812499999 0.575 0.584599253125 0.5708333328124999 0.5892588484375 0.5319444437499999 0.5836673328125 0.5041666671875 0.5585055125 0.5 0.5342756109375 0.49583333281249997 0.48504788750000005 0.50555555625 0.4606539890625 0.5208333328125 0.4643816671875 0.563888890625 0.4811562125 0.573611109375 0.5193649031249999 0.575
0 0.8539239234375 0.6375 0.8595154390624999 0.6277777765625 0.8595154390624999 0.6083333328125 0.8520600843749999 0.5958333328125 0.8122290968750001 0.588888890625 0.81385139375 0.6222222234375 0.8250344265624999 0.6375 0.8427408921874999 0.638888890625 0.8539239234375 0.6375
0 0.7374340140625 0.7194444437499999 0.7560724 0.723611109375 0.773778865625 0.723611109375 0.7905534140625 0.7166666671875 0.7933491703125 0.7083333328125 0.7821661390625 0.6791666671875001 0.7700511875 0.6652777765625 0.7486170453125001 0.6569444437499999 0.7309105796875001 0.661111109375 0.71413603125 0.6805555562500001 0.7234552265625 0.70694444375 0.7374340140625 0.7194444437499999
0 0.8268982640625 0.786111109375 0.8129194765625 0.751388890625 0.7952130093750001 0.7402777765625 0.772846946875 0.761111109375 0.7784384625 0.7958333328125 0.79987260625 0.8097222234375 0.82130675 0.8097222234375 0.8268982640625 0.786111109375
0 0.7402297718749999 0.538888890625 0.7383659328125 0.513888890625 0.7159998703125 0.501388890625 0.695497646875 0.513888890625 0.711340275 0.5527777765625 0.7299786593750001 0.5597222234375 0.739297853125 0.5555555562500001 0.7402297718749999 0.538888890625