0 0.31171875 0.32890625 0.15 0.021875
0 0.5265625 0.18125 0.1203125 0.0203125
0 0.68984375 0.1953125 0.1734375 0.0265625
0 0.71328125 0.3046875 0.2203125 0.04453125
0 0.7734375 0.37421875 0.21328125 0.05546875
0 0.303125 0.18125 0.16015625 0.015625
0 0.46484375 0.1359375 0.04296875 0.01796875
0 0.625 0.684375 0.6296875 0.36875
0 0.40317507968750005 1 0.43372339374999996 0.9986111109375001 0.47121450625000005 0.94305555625 0.4899600640625 0.8875 0.5024571 0.8666666671875 0.6274274765625 0.8625 0.7274037765625 0.8583333328125 0.812800196875 0.8416666671874999 0.8794510640625001 0.8041666671875 0.881533903125 0.76805555625 0.9398534140624999 0.7486111109375 0.9190250171875001 0.715277778125 0.862788346875 0.66944444375 0.8086345203124999 0.64444444375 0.8252972359375 0.609722221875 0.8565398296875 0.5722222218749999 0.8357114328125 0.5555555562500001 0.810717359375 0.5486111109375 0.8190487171875 0.534722221875 0.7898889640625 0.5166666671875 0.5857706828125 0.502777778125 0.38165240312500004 0.5097222218749999 0.3653320296875 0.5111111109375 0.312918696875 0.5736111109375 0.3191672171875 0.647222221875 0.294173140625 0.7291666671875 0.25876486718749997 0.784722221875 0.22127375625 0.8333333328125001 0.21085955625000002 0.8833333328125 0.2150252359375 0.9472222218749999 0.23793647343750002 0.9833333328125 0.246757909375 1 0.40317507968750005 1
0 0.8648711859375 0.3611111109375 0.804468840625 0.3541666671875 0.704492540625 0.3611111109375 0.6986653640625 0.36666666718749996 0.704492540625 0.4 0.7857232828125 0.40833333281249995 0.8648711859375 0.40138888906250003 0.8648711859375 0.3611111109375
0 0.812800196875 0.3333333328125 0.8169658765625 0.3 0.7648948859375 0.2888888890625 0.7149067359375 0.2888888890625 0.663248696875 0.29305555625 0.604516240625 0.30694444375 0.6357588328125 0.32083333281250004 0.7232380968750001 0.33194444375 0.812800196875 0.3333333328125
0 0.30875301718750003 0.34722222187499996 0.35874117031249997 0.34027777812500004 0.36915536718749997 0.33888888906250003 0.3715820296875 0.322222221875 0.2920903 0.3166666671875 0.24835067031250002 0.3263888890625 0.24210215000000002 0.34722222187499996 0.30875301718750003 0.34722222187499996
0 0.5732736468749999 0.19444444375 0.5795221640625 0.18194444375000002 0.5549153640625 0.1708333328125 0.481628703125 0.1763888890625 0.4962085796875 0.1916666671875 0.5357825328125 0.1916666671875 0.5732736468749999 0.19444444375
0 0.7003268593749999 0.20555555625 0.7378179734375 0.20972222187499998 0.7648948859375 0.20972222187499998 0.7753090859375 0.197222221875 0.7565635296875 0.19305555624999998 0.725748696875 0.1916666671875 0.660752909375 0.1875 0.6253446359375 0.19444444375 0.6565872296874999 0.20138888906250002 0.7003268593749999 0.20555555625
0 0.2900074640625 0.190277778125 0.3379127734375 0.1916666671875 0.38165240312500004 0.1875 0.36290684687499997 0.177777778125 0.29833882031250003 0.17916666718750002 0.23793647343750002 0.177777778125 0.2358536328125 0.1875 0.2900074640625 0.190277778125
0 0.4736653640625 0.13194444375 0.45246895 0.134722221875 0.45246895 0.147222221875 0.4753801859375 0.147222221875 0.4736653640625 0.13194444375