0 0.2796875 0.48203125 0.04921875 0.03671875
0 0.61328125 0.43515625 0.06640625 0.03671875
0 0.55859375 0.36015625 0.02890625 0.0203125
0 0.43359375 0.33359375 0.0625 0.0265625
0 0.51015625 0.45234375 0.06640625 0.05
0 0.57890625 0.31484375 0.034375 0.02890625
0 0.635319484375 0.451388890625 0.640873721875 0.43055555625 0.6205081796874999 0.423611109375 0.6058883109375001 0.425 0.5807028015625 0.4347222234375 0.5908855734375 0.4527777765625 0.611251115625 0.4527777765625 0.635319484375 0.451388890625
0 0.464989490625 0.4583333328125 0.4751722625 0.475 0.510349109375 0.48194444374999995 0.5325660640625001 0.47777777656250003 0.540897421875 0.46805555625000006 0.5436745421875 0.44305555625000004 0.5362688906249999 0.425 0.5114438671875 0.42777777656250005 0.5084976953125 0.4347222234375 0.498314925 0.4402777765625 0.477023675 0.44166666718750003 0.464989490625 0.4583333328125
0 0.57052003125 0.375 0.576999975 0.35972222343750004 0.564040084375 0.351388890625 0.5464516625 0.35694444375 0.5436745421875 0.373611109375 0.558485846875 0.3777777765625 0.57052003125 0.375
0 0.5890341593749999 0.326388890625 0.5973655171875001 0.31805555625 0.57533275625 0.3 0.563114378125 0.30694444375 0.564965790625 0.3222222234375 0.5751485625 0.32777777656249996 0.5890341593749999 0.326388890625
0 0.45388101406250003 0.3527777765625 0.46684090468750006 0.3458333328125 0.46313807812499996 0.32777777656249996 0.4548067203125 0.325 0.43922164375 0.326388890625 0.410372809375 0.325 0.40389286406249997 0.34027777656249997 0.4251841140625 0.351388890625 0.45388101406250003 0.3527777765625
0 0.4909092734375 0.30555555624999997 0.486280740625 0.2902777765625 0.47811053281250004 0.2902777765625 0.46591519843749996 0.298611109375 0.47239514375 0.3083333328125 0.482577915625 0.3097222234375 0.4909092734375 0.30555555624999997
0 0.298362325 0.501388890625 0.311322215625 0.4722222234375 0.2974366171875 0.4625 0.27521966249999996 0.46666666718750005 0.258556946875 0.475 0.2678140109375 0.4916666671875 0.2900309671875 0.501388890625 0.298362325 0.501388890625