0 0.175 0.76796875 0.35 0.296875
0 0.35859375 0.38828125 0.3390625 0.2234375
0 0.13359375 0.309375 0.2671875 0.259375
0 0.38515625 0.18359375 0.14765625 0.0796875
0 0.79375 0.19140625 0.40859375 0.21015625
0 0.70859375 0.3734375 0.3125 0.1734375
0 0.840625 0.73828125 0.31484375 0.35
0 0.109375 0.1265625 0.21875 0.09296875
0 0.02990211875 0.9027777765625 0.0806079515625 0.9083333328125001 0.1492558484375 0.9166666671874999 0.158616925 0.9138888906249999 0.205422309375 0.9027777765625 0.24130643593749998 0.88055555625 0.27485029375000003 0.863888890625 0.3044937046875 0.8361111093750001 0.3185353203125 0.76805555625 0.310734421875 0.713888890625 0.286551640625 0.6791666671875001 0.240526346875 0.6458333328125 0.20776257656250002 0.6375 0.1578368359375 0.6375 0.0689066046875 0.6319444437499999 0.0033790671875 0.6333333328124999 0.0018188875 0.89305555625 0.02990211875 0.9027777765625
0 0 0.280839553125 0.0064994265625000006 0.276388890625 0.0119600546875 0.273611109375 0.028341937499999997 0.2625 0.040823375 0.2375 0.037703015625 0.19444444375 0.0057423328125 0.17916666718750002 0 0.24290867968750002 0 0.280839553125
0 0.0010387984374999998 0.173611109375 0.0891889375 0.1833333328125 0.14223503906249998 0.175 0.171098359375 0.1722222234375 0.19372096249999998 0.16944444375 0.2116630265625 0.1527777765625 0.21868383281249998 0.11944444375 0.194501053125 0.1041666671875 0.17187845 0.0958333328125 0.1430706734375 0.09305555625 0.13131378437500002 0.0902777765625 0.0010387984374999998 0.08194444375 0.0010387984374999998 0.173611109375
0 0.3583198953125 0.223611109375 0.3879633046875 0.225 0.416826625 0.2208333328125 0.4417894984375 0.213888890625 0.46285191875000004 0.19861110937499998 0.4644121 0.1847222234375 0.4573912921875 0.163888890625 0.44803021562499995 0.1597222234375 0.41370626718750003 0.15555555625 0.3856230375 0.15555555625 0.3303365921875 0.1583333328125 0.31385478125 0.1833333328125 0.3154149609375 0.2208333328125 0.3380375640625 0.223611109375 0.3583198953125 0.223611109375
0 0.229605090625 0.351388890625 0.197621409375 0.3708333328125 0.196841321875 0.43333333281249997 0.210102846875 0.463888890625 0.2358458078125 0.476388890625 0.28811182031250004 0.49444444374999996 0.3255561265625 0.49444444374999996 0.3575398078125 0.4916666671875 0.393423934375 0.486111109375 0.42384743281250004 0.461111109375 0.46207182968750005 0.45694444375 0.508097125 0.43333333281249997 0.535400265625 0.38194444375000003 0.5330599968749999 0.3458333328125 0.5143378421875 0.313888890625 0.48235416249999996 0.2958333328125 0.45271075312500003 0.28472222343750003 0.4191668953125 0.28055555625 0.37470178125000003 0.2722222234375 0.3372574734375 0.28055555625 0.290452090625 0.288888890625 0.2740702046875 0.301388890625 0.24754715312500003 0.3152777765625 0.229605090625 0.351388890625
0 0 0.39864545625000003 0.007279517187499999 0.3916666671875 0.017420682812499998 0.386111109375 0.043943734375 0.36666666718749996 0.0774875921875 0.3527777765625 0.11181154062500001 0.3458333328125 0.1375545015625 0.338888890625 0.15237620624999998 0.33055555625 0.1804594359375 0.3125 0.2085426671875 0.29722222343750004 0.2389661671875 0.28055555625 0.26314895 0.25694444375000003 0.28031092343749997 0.21527777656249997 0.27329011406250003 0.19444444375 0.2506675125 0.1875 0.2163435640625 0.1902777765625 0.17889925625 0.19444444375 0.14067486093749998 0.20833333281250002 0.103230553125 0.23055555625 0.07358714375 0.26527777656249996 0.04163496875 0.273611109375 0.0306822078125 0.275 0.0033790671875 0.298611109375 0 0.35426065 0 0.39864545625000003
0 0.6024879828125 0.188888890625 0.5954671734375 0.2875 0.6071685203125 0.2902777765625 0.6492933671875 0.2902777765625 0.705459828125 0.2916666671875 0.767086915625 0.29305555625 0.8326144531249999 0.298611109375 0.893461453125 0.29305555625 0.95196818125 0.31944444375000003 0.9956532078125001 0.3027777765625 0.9987735671875001 0.086111109375 0.88644064375 0.0875 0.8294940937499999 0.10694444375 0.8037511328125 0.13611110937499998 0.7795683515625 0.14444444375 0.758707378125 0.1583333328125 0.73744350625 0.1597222234375 0.609508790625 0.1625 0.6024879828125 0.188888890625
0 0.586106096875 0.42083333281249996 0.611849059375 0.44166666718750003 0.6648951609375 0.45972222343749997 0.7975104156249999 0.44166666718750003 0.8388551703125 0.4027777765625 0.852116696875 0.338888890625 0.8458759796875001 0.3097222234375 0.762406378125 0.311111109375 0.642446453125 0.30416666718749996 0.5868861875 0.323611109375 0.5556826 0.3347222234375 0.563483496875 0.38333333281250004 0.586106096875 0.42083333281249996
0 0.6832835687500001 0.773611109375 0.6856238375 0.8263888906249999 0.704345990625 0.8708333328125001 0.7417902984375 0.89305555625 0.8174590015625001 0.9236111093750001 0.9017086921875 0.9152777765625 0.9719167703125 0.9111111093750001 0.9940930281249999 0.9097222234375 0.9914190125 0.6027777765625 0.970356590625 0.5944444437499999 0.9422733593749999 0.588888890625 0.9095095921875 0.5694444437499999 0.876745821875 0.5708333328124999 0.8432019640625 0.5708333328124999 0.8135585546874999 0.5708333328124999 0.7854753234375 0.58055555625 0.7527115546875 0.6277777765625 0.743350478125 0.68194444375 0.7144871578124999 0.7152777765625 0.6832835687500001 0.773611109375