0 0.94453125 0.63359375 0.08046875 0.046875
0 0.7828125 0.6046875 0.1609375 0.096875
0 0.603125 0.56015625 0.0859375 0.08671875
0 0.5046875 0.5453125 0.11796875 0.11640625
0 0.4921875 0.4453125 0.0453125 0.04296875
0 0.35 0.46796875 0.09375 0.04296875
0 0.38984375 0.7 0.37421875 0.153125
0 0.3809424984375 0.70555555625 0.40668545937499995 0.7152777765625 0.45427093281250003 0.7208333328125 0.4917152390625 0.7166666671875 0.5119975734375 0.7041666671875 0.53696044375 0.698611109375 0.543981253125 0.6805555562500001 0.5432011625000001 0.6583333328125 0.5361803562499999 0.6527777765625 0.5330599968749999 0.6319444437499999 0.52135865 0.636111109375 0.515898021875 0.6416666671875 0.509657303125 0.63055555625 0.49951613593750005 0.63055555625 0.48625461249999996 0.626388890625 0.472212996875 0.6333333328124999 0.4644121 0.6416666671875 0.4558311125 0.6458333328125 0.45193066406250004 0.6458333328125 0.4534908421875 0.6333333328124999 0.44803021562499995 0.6277777765625 0.43242842187499997 0.6319444437499999 0.417606715625 0.6375 0.40434519062499996 0.6402777765625001 0.3957642015625 0.6402777765625001 0.388857190625 0.6416666671875 0.3700212421875 0.6458333328125 0.363780525 0.663888890625 0.371581421875 0.6902777765625 0.3809424984375 0.70555555625
0 0.4729930859375 0.551388890625 0.45427093281250003 0.55694444375 0.45271075312500003 0.588888890625 0.458951471875 0.60694444375 0.472212996875 0.60694444375 0.49795595937500003 0.60555555625 0.524479009375 0.5916666671875 0.5455414328125 0.5777777765625001 0.5556826 0.563888890625 0.5611432265625 0.5402777765625 0.56270340625 0.5222222234375 0.5603631359375 0.501388890625 0.53696044375 0.49305555625 0.5190183796875 0.5277777765625 0.5143378421875 0.5333333328125 0.49483560000000004 0.538888890625 0.4729930859375 0.551388890625
0 0.49561568906250003 0.4652777765625 0.5073170359375 0.4652777765625 0.513557753125 0.4625 0.5151179328125 0.436111109375 0.4973153671875 0.43055555625 0.48079398281249996 0.436111109375 0.474553265625 0.44722222343749995 0.48391434218749996 0.45694444375 0.49561568906250003 0.4652777765625
0 0.33023666406249996 0.448611109375 0.31463487031250004 0.448611109375 0.30527379374999997 0.45555555625000005 0.302933525 0.46944444374999994 0.3154149609375 0.4875 0.3395977421875 0.4875 0.366900884375 0.4847222234375 0.382502678125 0.4847222234375 0.39732438124999997 0.4791666671875 0.3918637546875 0.463888890625 0.3787136203125 0.45 0.367680971875 0.4458333328125 0.34661854999999997 0.4458333328125 0.33023666406249996 0.448611109375
0 0.7577258390625 0.5583333328125 0.7351032359375 0.563888890625 0.7117005453125 0.5694444437499999 0.7085801859374999 0.5930555562500001 0.7101403656249999 0.611111109375 0.7109204546875 0.626388890625 0.7226218015625 0.6291666671875 0.745244403125 0.625 0.767086915625 0.625 0.7881493390625 0.638888890625 0.8029710437500001 0.648611109375 0.8310542734374999 0.6569444437499999 0.8614777734375 0.6555555562500001 0.8661583125 0.625 0.8575773234374999 0.6152777765625 0.8427556203125001 0.60555555625 0.82871400625 0.5958333328125 0.810771940625 0.5847222234375 0.7975104156249999 0.573611109375 0.793609965625 0.5694444437499999 0.778008171875 0.5625 0.7577258390625 0.5583333328125
0 0.57128439375 0.598611109375 0.59312690625 0.6027777765625 0.6079486109375 0.6027777765625 0.62823094375 0.598611109375 0.6391522000000001 0.586111109375 0.640712378125 0.55694444375 0.6360318406250001 0.5333333328125 0.6212101359375 0.525 0.6079486109375 0.5222222234375 0.5783052 0.5319444437499999 0.56738394375 0.5527777765625 0.56738394375 0.5777777765625001 0.57128439375 0.598611109375
0 0.9418270171875 0.6555555562500001 0.9621093484375001 0.6541666671875 0.975370875 0.65 0.9769310546875 0.6333333328124999 0.9621093484375001 0.6180555562500001 0.950408003125 0.61944444375 0.9405113734375 0.6208333328125 0.9160840546875001 0.6222222234375 0.9098433375000001 0.636111109375 0.9192044140625001 0.651388890625 0.9418270171875 0.6555555562500001