0 0.4234375 0.5703125 0.16171875 0.13984375
0 0.46953125 0.41796875 0.09140625 0.06328125
0 0.7921875 0.49296875 0.16171875 0.09296875
0 0.9421875 0.53359375 0.09375 0.03984375
0 0.72890625 0.5703125 0.11796875 0.09296875
0 0.67890625 0.86171875 0.296875 0.2703125
0 0.30703125 0.2984375 0.04609375 0.0296875
0 0.26015625 0.26796875 0.03046875 0.01640625
0 0.4213976203125 0.6402777765625001 0.44595511718749997 0.64444444375 0.46687446718750003 0.6375 0.48233659375000004 0.63055555625 0.49507011093750003 0.6222222234375 0.501436871875 0.586111109375 0.4977987234375 0.5583333328125 0.48415566875 0.5375 0.4559600234375 0.525 0.4532314125 0.5125 0.4204880828125 0.5069444437499999 0.388654290625 0.5097222234375 0.35682049843749997 0.5319444437499999 0.3631872546875 0.5583333328125 0.3423939 0.575 0.37410169843749996 0.64305555625 0.39502104843749997 0.6375 0.4213976203125 0.6402777765625001
0 0.5150799234375001 0.43333333281249997 0.5041654796875 0.41805555625 0.48233659375000004 0.4 0.4532314125 0.3972222234375 0.437769284375 0.39444444375 0.4295834515625 0.398611109375 0.42503576875000004 0.4097222234375 0.428673915625 0.42083333281249996 0.4341311375 0.425 0.4314025265625 0.44166666718750003 0.4359502125 0.44305555625000004 0.46414585625000004 0.448611109375 0.4486837265625 0.4347222234375 0.472488515625 0.4222222234375 0.48142705625 0.451388890625 0.5032559437499999 0.45416666718750004 0.5141703859375 0.451388890625 0.5150799234375001 0.43333333281249997
0 0.7230606859375001 1 0.8188652624999999 0.99444444375 0.797036375 0.9583333328125001 0.8243224828125 0.9152777765625 0.817955725 0.8958333328125001 0.779755171875 0.8847222234375 0.769750265625 0.9111111093750001 0.763383509375 0.9222222234374999 0.6951682375 0.8138888906249999 0.6760679625 0.776388890625 0.6542390765625 0.775 0.6278625046874999 0.74444444375 0.5914810265625 0.74444444375 0.5596472343750001 0.7333333328125 0.5423660328125 0.73194444375 0.5450946437499999 0.763888890625 0.5414564953125 0.786111109375 0.537818346875 0.7958333328125 0.673314934375 1 0.7230606859375001 1
0 0.7888505421875001 0.6083333328125 0.78703146875 0.5902777765625 0.7770265640625 0.5694444437499999 0.763383509375 0.5652777765625 0.7379164734375 0.5527777765625 0.7115399046875 0.5347222234375 0.6769775 0.5375 0.690620553125 0.576388890625 0.682641353125 0.601388890625 0.68516333125 0.60555555625 0.781574246875 0.6097222234374999 0.7888505421875001 0.6083333328125
0 0.763383509375 0.525 0.7833933203125001 0.5472222234374999 0.80795081875 0.55 0.8315987796875 0.5305555562500001 0.8416036859375 0.5166666671875 0.8525181281249999 0.513888890625 0.8597944234374999 0.513888890625 0.86707071875 0.5083333328124999 0.8679802546875001 0.48055555625 0.8497895171875 0.4722222234375 0.8252320203125001 0.47083333281249995 0.8043126703125001 0.4527777765625 0.79885545 0.451388890625 0.763383509375 0.4583333328125 0.72700203125 0.44722222343749995 0.7317679906250001 0.4583333328125 0.7124494390625 0.46666666718750005 0.732459253125 0.49444444374999996 0.74610230625 0.5027777765625 0.763383509375 0.525
0 0.3158913359375 0.3083333328125 0.3277153140625 0.3097222234375 0.3277153140625 0.2958333328125 0.3158913359375 0.29305555625 0.30873305625 0.2902777765625 0.294971984375 0.2916666671875 0.2931529125 0.298611109375 0.2977005953125 0.3083333328125 0.3158913359375 0.3083333328125
0 0.2713240265625 0.273611109375 0.264957265625 0.263888890625 0.2614259234375 0.26527777656249996 0.24767606562500002 0.2666666671875 0.256771434375 0.28194444375 0.267685878125 0.28194444375 0.2713240265625 0.273611109375
0 0.9361955265624999 0.5541666671875001 0.9953154281250001 0.54444444375 0.9425622859375 0.5208333328125 0.9234620093749999 0.525 0.9170952515625 0.5333333328125 0.9361955265624999 0.5541666671875001