0 0.790625 0.41484375 0.09921875 0.0765625
0 0.31640625 0.578125 0.3671875 0.34296875
0 0.62578125 0.6 0.07109375 0.03984375
0 0.72109375 0.80859375 0.06640625 0.05
0 0.675 0.86328125 0.03984375 0.03359375
0 0.47109375 0.2734375 0.03125 0.0265625
0 0.1422120203125 0.6791666671875001 0.1680171125 0.673611109375 0.1753899984375 0.6777777765625 0.2122544140625 0.7041666671875 0.322847665625 0.7347222234374999 0.4159303203125 0.7333333328125 0.47859982968750003 0.7027777765625001 0.49795365 0.6347222234375 0.498875259375 0.5555555562500001 0.4859727140625 0.488888890625 0.42238159218750004 0.46666666718750005 0.2776887546875 0.45694444375 0.24911883124999998 0.423611109375 0.2168624671875 0.41944444374999995 0.1735467765625 0.43194444374999996 0.14958490468750002 0.42777777656250005 0.14229293437499999 0.44444444375 0.1412904109375 0.4847222234375 0.1302310859375 0.5069444437499999 0.1422120203125 0.6791666671875001
0 0.48136466093749997 0.28472222343750003 0.48228627187499995 0.276388890625 0.47968231406250006 0.2666666671875 0.4656972828125 0.26527777656249996 0.4656972828125 0.2791666671875 0.471226946875 0.286111109375 0.48136466093749997 0.28472222343750003
0 0.7541613515625001 0.40833333281249995 0.764299065625 0.42777777656250005 0.77904483125 0.4375 0.7965554312500001 0.4402777765625 0.8149876390624999 0.44305555625000004 0.8306550171874999 0.44305555625000004 0.817752471875 0.41944444374999995 0.8152280375000001 0.40555555625000006 0.8020850921875 0.388888890625 0.77904483125 0.39444444375 0.758769403125 0.3958333328125 0.7541613515625001 0.40833333281249995
0 0.6057820703125001 0.6083333328125 0.6251358890625001 0.6180555562500001 0.6463329296875 0.6180555562500001 0.65647064375 0.611111109375 0.6511424906250001 0.598611109375 0.6352736046875 0.588888890625 0.6159197859375001 0.5875 0.6085469031249999 0.598611109375 0.6057820703125001 0.6083333328125
0 0.73480753125 0.8277777765625001 0.750474909375 0.8277777765625001 0.7467884671875 0.8125 0.7366507515625 0.8041666671875 0.7322634359375 0.79444444375 0.71821854375 0.788888890625 0.7053159984375 0.8152777765625 0.7080808296875001 0.8291666671875 0.73480753125 0.8277777765625001
0 0.6850405687500001 0.8708333328125001 0.6813541265625 0.85694444375 0.6815628453125 0.8513888906249999 0.66752996875 0.8513888906249999 0.6666083578124999 0.8680555562500001 0.67858929375 0.8736111093750001 0.6850405687500001 0.8708333328125001