0 0.05703125 0.11171875 0.1140625 0.1296875
0 0.18828125 0.025 0.1609375 0.05
0 0.42578125 0.06640625 0.3109375 0.1328125
0 0.81328125 0.06796875 0.3203125 0.1359375
0 0.57890625 0.25 0.23359375 0.1734375
0 0.30078125 0.38984375 0.24765625 0.16640625
0 0.67265625 0.6015625 0.4578125 0.3765625
0 0.153125 0.778125 0.30625 0.33671875
0 0.0649195546875 0.94305555625 0.19340906875 0.91944444375 0.2744311203125 0.8791666671874999 0.2973464484375 0.8166666671874999 0.30143847031250004 0.7027777765625001 0.26952069375 0.636111109375 0.19995630625 0.6152777765625 0.0002655953125 0.6555555562500001 0.0059944265625 0.9416666671874999 0.0649195546875 0.94305555625
0 0.23596610624999997 0.326388890625 0.19995630625 0.348611109375 0.1835882140625 0.411111109375 0.20895875625000002 0.46805555625000006 0.26133664843750004 0.48333333281249996 0.3276274171875 0.4791666671875 0.3898261625 0.46666666718750005 0.42747277187500005 0.4222222234375 0.41683351249999995 0.363888890625 0.3873709484375 0.3333333328125 0.33264519843749996 0.3291666671875 0.33090103593750003 0.3152777765625 0.293254425 0.3152777765625 0.23596610624999997 0.326388890625
0 0.5215892953125 0.31944444375000003 0.55268866875 0.33055555625 0.60342975 0.34027777656249997 0.6402579546875 0.34027777656249997 0.692635846875 0.298611109375 0.6967278703125 0.2541666671875 0.6721757328125 0.20416666718749998 0.6255266734375 0.188888890625 0.583788040625 0.1722222234375 0.47739545000000005 0.1902777765625 0.4700298078125 0.2625 0.493763540625 0.3 0.5215892953125 0.31944444375000003
0 0.4675745953125 0.49444444374999996 0.47412183125 0.5652777765625 0.4945819453125 0.64444444375 0.5412310046875 0.686111109375 0.60342975 0.723611109375 0.6811781828125001 0.7666666671875 0.7630186390625 0.7833333328125 0.8334014296875001 0.7569444437499999 0.8800504890624999 0.6916666671875 0.884960915625 0.6041666671875 0.8751400609375001 0.525 0.84485909375 0.48333333281249996 0.7826603484375 0.45416666718750004 0.704911915625 0.438888890625 0.6885438234375 0.4347222234375 0.6811781828125001 0.436111109375 0.6345291234375 0.436111109375 0.5715119718749999 0.45416666718750004 0.5142236546875 0.45 0.4675745953125 0.49444444374999996
0 0.8227621703124999 0.14444444375 0.9021474125 0.13194444375 0.9561621125 0.075 0.9520700906249999 0.0166666671875 0.8890529390624999 0.011111109375 0.8243989796875001 0.011111109375 0.7507425703124999 0.023611109375 0.7253720296874999 0.023611109375 0.713293528125 0.019444443750000002 0.69427265625 0.073611109375 0.7130959609375 0.11111110937499999 0.7597450203125 0.13055555624999998 0.8227621703124999 0.14444444375
0 0.40292063437500003 0.1375 0.45939055 0.123611109375 0.5215892953125 0.10694444375 0.5674199515625 0.075 0.5666015468750001 0.0222222234375 0.5264997234375 0.00555555625 0.4782138546875 0.0083333328125 0.4021022296875 0.0208333328125 0.3660924296875 0.025 0.3358114609375 0.030555556249999997 0.2850703796875 0.0597222234375 0.28670718906250003 0.10694444375 0.3227169875 0.1277777765625 0.40292063437500003 0.1375
0 0.13612074999999998 0.048611109375 0.198319496875 0.04444444375 0.2474237703125 0.0416666671875 0.269613109375 0.0083333328125 0.08701647812499999 0.0083333328125 0.1017477609375 0.0375 0.13612074999999998 0.048611109375
0 0.0231809234375 0.1722222234375 0.037093799999999996 0.1625 0.060009128125 0.1527777765625 0.0845612625 0.1347222234375 0.111568615625 0.11805555625 0.132847134375 0.086111109375 0.12629989531250002 0.054166667187499996 0.0984741421875 0.0458333328125 0.049369868750000004 0.036111109375 0.0043871765625 0.036111109375 0.005176021875000001 0.17916666718750002 0.0125416640625 0.17638889062500002 0.0231809234375 0.1722222234375