0 0.5078125 0.74296875 0.2046875 0.1265625
0 0.1390625 0.63984375 0.2625 0.1265625
0 0.6296875 0.56015625 0.2546875 0.0734375
0 0.83984375 0.6546875 0.11484375 0.05703125
0 0.40625 0.4296875 0.1328125 0.03984375
0 0.36875 0.36640625 0.0984375 0.02890625
0 0.1671875 0.32421875 0.0671875 0.03984375
0 0.09296875 0.284375 0.034375 0.01875
0 0.54765625 0.38125 0.06875 0.0375
0 0.434375 0.346875 0.0515625 0.01875
0 0.89609375 0.45703125 0.09453125 0.04375
0 0.728125 0.34453125 0.0578125 0.02734375
0 0.60546875 0.37109375 0.053125 0.02890625