0 0.5421875 0.43515625 0.07109375 0.06328125
0 0.56953125 0.38671875 0.06171875 0.06015625
0 0.496875 0.33984375 0.07890625 0.046875
0 0.48203125 0.5484375 0.28125 0.15703125
0 0.4625 0.8296875 0.596875 0.3234375
0 0.669268646875 0.8166666671874999 0.61534146875 0.748611109375 0.537967690625 0.751388890625 0.5027977906250001 0.723611109375 0.4332395453125 0.711111109375 0.38009391875 0.8041666671875 0.2909968421875 0.8222222234375 0.21831238437499997 0.863888890625 0.20268131718750002 0.926388890625 0.24887380937499998 0.9916666671875 0.6919336921875 0.9958333328125001 0.6911521406250001 0.9541666671875 0.669268646875 0.8166666671874999
0 0.43480265312500005 0.6291666671875 0.4840405109375 0.636111109375 0.5504725421875001 0.626388890625 0.579390015625 0.6097222234374999 0.5997104015625 0.561111109375 0.5747006953125 0.50555555625 0.5027977906250001 0.4972222234375 0.4645016796875 0.523611109375 0.4090113921875 0.5472222234374999 0.362225903125 0.5902777765625 0.36211819375 0.6166666671875001 0.3988511984375 0.6333333328124999 0.43480265312500005 0.6291666671875
0 0.5723560359375 0.44305555625000004 0.5559434171875 0.4222222234375 0.5356230296875 0.41527777656250003 0.5082686640625 0.43333333281249997 0.532496815625 0.45694444375 0.5614142890625 0.45972222343749997 0.5723560359375 0.44305555625000004
0 0.60361816875 0.4 0.5754822500000001 0.3791666671875 0.5684482703125 0.375 0.5676667171875 0.36805555624999997 0.5426570093749999 0.39027777656249996 0.5582880765625 0.40694444374999994 0.5856424421875001 0.413888890625 0.60361816875 0.4
0 0.49654536406250005 0.36944444375 0.5231181765625 0.35972222343750004 0.5278074968750001 0.34722222343750003 0.510613325 0.326388890625 0.48638517031250006 0.33055555625 0.46528323125000004 0.34027777656249997 0.4691909984375 0.36666666718749996 0.49654536406250005 0.36944444375
0 0.6380065140625 0.33055555625 0.6403511749999999 0.3166666671875 0.6223754484375 0.31805555625 0.6161230203125 0.3347222234375 0.629409428125 0.34027777656249997 0.6380065140625 0.33055555625
0 0.63046875 0.328125 0.02421875 0.02890625