0 0.28125 0.64296875 0.4125 0.26640625
0 0.253125 0.41640625 0.07734375 0.03984375
0 0.134375 0.8984375 0.12734375 0.196875
0 0.63984375 0.71484375 0.14140625 0.14296875
0 0.69296875 0.871875 0.08515625 0.13671875
0 0.81015625 0.825 0.12109375 0.14296875
0 0.82734375 0.66328125 0.1625 0.1203125
0 0.878125 0.5546875 0.23515625 0.14296875
0 0.71171875 0.45703125 0.08515625 0.0796875
0 0.76953125 0.3984375 0.13125 0.0703125
0 0.6 0.53984375 0.14609375 0.146875
0 0.47890625 0.421875 0.07109375 0.0703125
0 0.94765625 0.79296875 0.1 0.13359375
0 0.43853860468750006 0.7027777765625001 0.45676344999999996 0.6833333328125 0.4663097984375 0.6652777765625 0.48019539531250005 0.64444444375 0.4827989453125 0.611111109375 0.4819310953125 0.5597222234375 0.4532920515625 0.5333333328125 0.4177102078125 0.5222222234375 0.34481082343749997 0.513888890625 0.2198404484375 0.5347222234375 0.1287162140625 0.5847222234375 0.0887951234375 0.6319444437499999 0.08272017499999999 0.7027777765625001 0.0992093203125 0.76805555625 0.1252448171875 0.7833333328125 0.1972763515625 0.786111109375 0.2588936890625 0.7708333328125 0.3100968296875 0.7541666671875 0.3699784671875 0.7430555562500001 0.41857805781249996 0.7180555562500001 0.43853860468750006 0.7027777765625001
0 0.19218344375000002 1 0.1964085015625 0.948611109375 0.2016156015625 0.8763888906249999 0.1868621546875 0.8111111093750001 0.1599588078125 0.801388890625 0.1261126671875 0.80694444375 0.0757773765625 0.8611111093750001 0.0653631765625 0.9375 0.078380925 0.9763888906249999 0.0913986734375 0.9930555562500001 0.1752908078125 1 0.19218344375000002 1
0 0.5982229734375 0.8 0.6251263171875 0.8041666671875 0.6711223578125 0.8 0.6928186046875 0.7847222234375 0.70757205 0.76805555625 0.71451485 0.75 0.7179862484374999 0.7041666671875 0.7006292515625 0.66944444375 0.6676509578125 0.6541666671875 0.61124071875 0.6527777765625 0.5747910265625 0.688888890625 0.5739231765625 0.7333333328125 0.580865975 0.7777777765625 0.5982229734375 0.8
0 0.6945543046875 0.9236111093750001 0.7171183984375 0.9402777765625 0.7292682953125 0.9388888906249999 0.7336075453124999 0.9097222234375 0.7171183984375 0.8527777765625 0.7112494578125 0.8347222234375 0.6459547125 0.83055555625 0.6546332109375 0.8777777765625 0.67980085625 0.9041666671874999 0.6945543046875 0.9236111093750001
0 0.8785384671875001 0.9 0.8785384671875001 0.8680555562500001 0.8594457703125 0.801388890625 0.8377495250000001 0.786111109375 0.7908856328125 0.7625 0.7735286375 0.7597222234375 0.7587751890625001 0.775 0.7657179890625 0.8458333328125001 0.8030355312499999 0.88055555625 0.839485225 0.9 0.8785384671875001 0.9
0 0.8689921187499999 0.6277777765625 0.835145975 0.6416666671875 0.7960927328125 0.61944444375 0.7657179890625 0.625 0.7665858390625 0.6652777765625 0.7850341796875 0.6958333328124999 0.8438244734374999 0.738888890625 0.9002347125 0.68194444375 0.9132524609375 0.6402777765625001 0.8689921187499999 0.6277777765625
0 0.7492288421875 0.48055555625 0.7474931421875 0.448611109375 0.7171183984375 0.436111109375 0.6988935515625 0.42083333281249996 0.6737259078125 0.43055555625 0.6789330062500001 0.4527777765625 0.7023649515625 0.48055555625 0.70930775 0.488888890625 0.7344753953125001 0.49027777656250005 0.7492288421875 0.48055555625
0 0.5400770328125 0.5097222234375 0.5444162828125 0.5583333328125 0.588676625 0.5694444437499999 0.6086371703125 0.58055555625 0.6355405140625 0.60694444375 0.6624438609375 0.6222222234375 0.6737259078125 0.60555555625 0.6572367609375 0.561111109375 0.6442190125 0.5541666671875001 0.6338048140625 0.54305555625 0.6268620171875 0.523611109375 0.6259941671875 0.49583333281249997 0.5782624265625 0.47777777656250003 0.5400770328125 0.5097222234375
0 0.7292682953125 0.425 0.7440217437500001 0.425 0.7596430390625 0.425 0.7717929375 0.43055555625 0.7856785359375 0.4402777765625 0.80911048125 0.4402777765625 0.8238639265625001 0.438888890625 0.8377495250000001 0.42777777656250005 0.8299388765625 0.4125 0.8073747812500001 0.3875 0.7806939015625 0.3791666671875 0.7388146437499999 0.3722222234375 0.7101756 0.39027777656249996 0.71104345 0.4097222234375 0.7292682953125 0.425
0 1 0.35553558281250003 0.99483034375 0.3527777765625 0.9766054984375 0.3458333328125 0.9627199 0.3416666671875 0.9462307546875 0.33055555625 0.93234515625 0.32777777656249996 0.9167238578125 0.3333333328125 0.8993668625 0.3375 0.8880848140625 0.3375 0.8611814703125 0.34027777656249997 0.8698599687499999 0.3722222234375 0.87159566875 0.38055555625 0.9575127999999999 0.4027777765625 0.9757376484375 0.388888890625 1 0.3876754828125 1 0.35553558281250003
0 0.7674536890625 0.4972222234375 0.7544359421875 0.5277777765625 0.7648501390625 0.5416666671875 0.7891499328125 0.5652777765625 0.8585779203125 0.601388890625 0.8854812640624999 0.598611109375 0.9106489109375 0.613888890625 0.98962324375 0.6277777765625 0.99396249375 0.60694444375 0.9835482953125 0.5847222234375 0.99483034375 0.5777777765625001 0.9878875453125 0.55694444375 0.9679269984375001 0.5458333328125 0.9271380562499999 0.525 0.8993668625 0.5166666671875 0.8368816750000001 0.49583333281249997 0.8308067265625001 0.49027777656250005 0.7856785359375 0.4791666671875 0.7674536890625 0.4972222234375
0 0.22070726875000002 0.438888890625 0.23719641406249997 0.4402777765625 0.2571569609375 0.4402777765625 0.2771175078125 0.4402777765625 0.2927388046875 0.43333333281249997 0.2771175078125 0.40555555625000006 0.2668050125 0.401388890625 0.2319893171875 0.398611109375 0.21202877031249998 0.40555555625000006 0.2111609203125 0.425 0.22070726875000002 0.438888890625
0 0.5044941625 0.451388890625 0.5123048109375 0.4291666671875 0.5001549125 0.41805555625 0.4880050140625 0.40833333281249995 0.46544092031249995 0.4291666671875 0.46804446874999994 0.4458333328125 0.4923442640625 0.4527777765625 0.5044941625 0.451388890625