0 0.34609375 0.54453125 0.10546875 0.09375
0 0.36796875 0.44375 0.0765625 0.06640625
0 0.4765625 0.490625 0.06875 0.053125
0 0.58359375 0.5140625 0.07109375 0.053125
0 0.5875 0.3828125 0.06875 0.0640625
0 0.7171875 0.38984375 0.0640625 0.0734375
0 0.48203125 0.67265625 0.15625 0.14296875
0 0.5171875 0.84375 0.10546875 0.1390625
0 0.9015625 0.125 0.16328125 0.09609375
0 0.50625 0.19375 0.109375 0.05625
0 0.34921875 0.2859375 0.06875 0.04296875
0 0.2703125 0.2140625 0.06484375 0.053125
0 0.21328125 0.2671875 0.05625 0.053125
0 0.1328125 0.30078125 0.09765625 0.0640625
0 0.2328125 0.384375 0.09609375 0.08046875
0 0.3453125 0.33203125 0.05546875 0.04296875
0 0.75078125 0.2453125 0.05859375 0.04296875