0 0.24609375 0.43515625 0.33125 0.1234375
0 0.27578125 0.55 0.19375 0.1
0 0.49140625 0.63359375 0.18203125 0.1265625
0 0.31015625 0.83671875 0.32265625 0.16015625
0 0.7046875 0.4484375 0.07734375 0.05703125
0 0.8734375 0.28359375 0.15859375 0.0796875
0 0.38828125 0.18828125 0.08359375 0.0296875
0 0.71953125 0.0765625 0.065625 0.03359375
0 0.78203125 0.16796875 0.071875 0.0234375
0 0.8078125 0.19140625 0.075 0.01640625
0 0.40323150781250006 0.9152777765625 0.45545793124999995 0.8986111093750001 0.47037976718749996 0.863888890625 0.47037976718749996 0.79305555625 0.44924049843749997 0.76944444375 0.3982575609375 0.7583333328124999 0.346031134375 0.7625 0.2925612234375 0.7652777765625001 0.23163039375 0.773611109375 0.18935185937500001 0.7875 0.155777728125 0.8375 0.1545342421875 0.8763888906249999 0.184526584375 0.9083333328125001 0.2477957171875 0.9291666671875 0.32364838281249997 0.91944444375 0.40323150781250006 0.9152777765625
0 0.47535371406250004 0.7 0.5163887609375 0.701388890625 0.55369335 0.701388890625 0.5835370234374999 0.6847222234375 0.5947283999999999 0.661111109375 0.5947283999999999 0.6097222234374999 0.57358913125 0.5902777765625 0.543745459375 0.58194444375 0.45069574062499995 0.5972222234375 0.393283615625 0.626388890625 0.4119359109375 0.673611109375 0.43183169218749995 0.6944444437499999 0.47535371406250004 0.7
0 0.7153465734375 0.488888890625 0.7389728125 0.48055555625 0.7526511609375001 0.463888890625 0.7327553828125 0.41944444374999995 0.6718245515625 0.4291666671875 0.6606331734374999 0.4722222234375 0.6680940921875 0.4875 0.6942073046874999 0.4916666671875 0.7153465734375 0.488888890625
0 0.7949296953125 0.2833333328125 0.802390615625 0.3083333328125 0.8235298828125 0.326388890625 0.8421821765624999 0.3291666671875 0.8807302531250001 0.32777777656249996 0.9143043828125 0.3222222234375 0.9354436500000001 0.313888890625 0.9503654859375 0.29722222343750004 0.9441480562500001 0.275 0.9267392484375 0.2597222234375 0.8919216296875 0.2527777765625 0.8571040125 0.248611109375 0.8073645609375 0.2597222234375 0.7949296953125 0.2833333328125
0 0.0985773578125 0.5097222234375 0.130908003125 0.511111109375 0.16945607812500002 0.5027777765625 0.2042736953125 0.5 0.25774360625 0.49444444374999996 0.30375260000000004 0.4916666671875 0.3597094828125 0.488888890625 0.393283615625 0.47777777656250003 0.393283615625 0.436111109375 0.3597094828125 0.41527777656250003 0.2975351703125 0.40416666718750005 0.1944768359375 0.4125 0.135881946875 0.41944444374999995 0.0898729515625 0.448611109375 0.084899009375 0.4916666671875 0.0985773578125 0.5097222234375
0 0.28883076406249997 0.6 0.3447876484375 0.5930555562500001 0.3684138890625 0.58194444375 0.36965737656250003 0.538888890625 0.3298658125 0.5152777765625001 0.308726546875 0.511111109375 0.28883076406249997 0.5097222234375 0.2218400171875 0.5347222234375 0.19556928906249998 0.5666666671875 0.21297809843749999 0.588888890625 0.2415782828125 0.6 0.28883076406249997 0.6
0 0.405718478125 0.20555555625 0.426857746875 0.20416666718749998 0.42312728593750004 0.1833333328125 0.387066184375 0.173611109375 0.35100508124999996 0.1833333328125 0.34851810781250003 0.1972222234375 0.3609529703125 0.20416666718749998 0.405718478125 0.20555555625
0 0.7986601546875 0.18055555625 0.7688164828125 0.186111109375 0.7750339171875 0.1972222234375 0.8061210750000001 0.20277777656249998 0.835964746875 0.1972222234375 0.8459126359375 0.1902777765625 0.8210429109374999 0.18055555625 0.7986601546875 0.18055555625
0 0.8073645609375 0.1847222234375 0.8160689640625 0.17638889062500002 0.776277403125 0.161111109375 0.7501641875 0.1652777765625 0.7526511609375001 0.1833333328125 0.78373831875 0.186111109375 0.8073645609375 0.1847222234375
0 0.7999036421875 0.1527777765625 0.7603972328124999 0.14444444375 0.7389728125 0.1527777765625 0.7563816203125 0.1666666671875 0.792442725 0.163888890625 0.7999036421875 0.1527777765625
0 0.755138134375 0.08055555625000001 0.7243275828125 0.0597222234375 0.6966942781250001 0.0722222234375 0.6966942781250001 0.08194444375 0.7501641875 0.0875 0.755138134375 0.08055555625000001