0 0.34453125 0.54296875 0.10625 0.09296875
0 0.36640625 0.44296875 0.07734375 0.06640625
0 0.4765625 0.48984375 0.06875 0.053125
0 0.58203125 0.51328125 0.0703125 0.053125
0 0.58828125 0.38203125 0.06875 0.06328125
0 0.71640625 0.38984375 0.06328125 0.0734375
0 0.48125 0.671875 0.15625 0.14296875
0 0.51640625 0.84296875 0.10625 0.13984375
0 0.9015625 0.125 0.16328125 0.096875
0 0.5078125 0.1953125 0.11015625 0.05703125
0 0.3484375 0.28515625 0.06875 0.04296875
0 0.26953125 0.21328125 0.06484375 0.053125
0 0.21328125 0.26640625 0.05625 0.053125
0 0.1328125 0.3015625 0.09765625 0.06328125
0 0.23359375 0.38359375 0.09609375 0.0796875
0 0.34453125 0.33203125 0.0546875 0.04296875
0 0.74921875 0.2453125 0.05859375 0.04296875
0 0.34322426250000004 0.59710145 0.37304790468750004 0.582608696875 0.387214134375 0.565217390625 0.3976524078125 0.53188405625 0.375284678125 0.5101449265625 0.3618640390625 0.5043478265625 0.3492873265625 0.5043478265625 0.3111638484375 0.5246376796875001 0.306690303125 0.5637681171875 0.3230933046875 0.5884057968749999 0.34322426250000004 0.59710145
0 0.45282614375 0.746376809375 0.52440288125 0.7101449265625 0.54826179375 0.691304346875 0.5408058828125 0.6391304328125 0.4968160140625 0.6333333328124999 0.4863777390625 0.6405797093750001 0.46102764531249996 0.6159420296875 0.44462464218750003 0.6057971 0.41852895781250005 0.6391304328125 0.41405540937499996 0.708695653125 0.42076572968750003 0.737681159375 0.45282614375 0.746376809375
0 0.5094910625 0.9014492765625001 0.5460250203125 0.8956521734375 0.55870006875 0.8492753640625 0.52962201875 0.8043478265624999 0.519322378125 0.791304346875 0.47370269218749994 0.7855072468750001 0.470720328125 0.8507246359374999 0.48563215 0.8840579703125 0.5094910625 0.9014492765625001
0 0.6026899375 0.5478260859375 0.6131282125 0.534782609375 0.5982163921875 0.5 0.5827126359375 0.4956521734375 0.5549721125 0.4956521734375 0.5527353390624999 0.5275362328125001 0.5810678 0.5434782593749999 0.6026899375 0.5478260859375
0 0.48712333125 0.514492753125 0.5020351515625 0.5130434765625 0.5072542875 0.49130434687499996 0.49532483125000004 0.47391304375 0.48563215 0.47681159375000004 0.45879087187499995 0.4782608703125 0.44835259687500006 0.49855072343750007 0.461773234375 0.5101449265625 0.48712333125 0.514492753125
0 0.39616122656249997 0.4753623203125 0.40510831718749996 0.44927536406249996 0.388705315625 0.43188405625000004 0.3745390859375 0.4275362328125 0.355999234375 0.42028985625 0.3350227609375 0.4478260859375 0.3447154453125 0.47391304375 0.376775859375 0.47681159375000004 0.39616122656249997 0.4753623203125
0 0.1941060578125 0.408695653125 0.2164737890625 0.42028985625 0.24629743125 0.42173912968750005 0.2671739796875 0.4159420296875 0.279849025 0.3956521734375 0.27015634374999997 0.3695652171875 0.258972478125 0.362318840625 0.2336223828125 0.3608695671875 0.20230756093750002 0.3637681171875 0.1918692859375 0.382608696875 0.1941060578125 0.408695653125
0 0.3670831765625 0.3420289859375 0.359627265625 0.32318840625 0.3469522171875 0.32028985625 0.3350227609375 0.3130434765625 0.3245844875 0.3391304328125 0.3350227609375 0.3579710140625 0.351425765625 0.353623190625 0.3670831765625 0.3420289859375
0 0.3573904921875 0.3101449265625 0.37304790468750004 0.30434782656250003 0.376775859375 0.2869565234375 0.3670831765625 0.2753623203125 0.352916946875 0.27101449375 0.33576835312500003 0.27101449375 0.3230933046875 0.265217390625 0.3148918046875 0.285507246875 0.32533007812500003 0.30434782656250003 0.34173308125 0.3101449265625 0.3573904921875 0.3101449265625
0 0.28581375468750003 0.240579709375 0.29848880312500004 0.23188405625000003 0.294760846875 0.208695653125 0.282831390625 0.1985507234375 0.26791956875 0.1942029 0.24927979374999998 0.21739130312500002 0.2485342046875 0.2275362328125 0.265682796875 0.240579709375 0.28581375468750003 0.240579709375
0 0.2433150671875 0.27391304375000003 0.2336223828125 0.2420289859375 0.21721938125 0.24782608593750002 0.20305315156249998 0.253623190625 0.195597240625 0.2507246359375 0.1873957390625 0.2840579703125 0.2045443328125 0.2927536234375 0.22989442656249998 0.285507246875 0.2433150671875 0.27391304375000003
0 0.16204564531250001 0.32608695625 0.1799398296875 0.3130434765625 0.18292219375000002 0.288405796875 0.1627912359375 0.2782608703125 0.15235296250000002 0.27681159375000003 0.14266027812499998 0.265217390625 0.10612631875 0.2927536234375 0.112091046875 0.32318840625 0.12998523125 0.3362318828125 0.16204564531250001 0.32608695625
0 0.4811586015625 0.22463767968749998 0.5147101984375 0.22028985625000003 0.5378235203124999 0.21739130312500002 0.5616824328125001 0.2130434765625 0.5594456609375 0.191304346875 0.5326043828125 0.17971014375 0.518438153125 0.17681159375 0.49545780781250004 0.17826087031249999 0.4625188265625 0.17681159375 0.4520805515625 0.208695653125 0.4662467828125 0.22463767968749998 0.4811586015625 0.22463767968749998
0 0.5915060734375001 0.40724637656249996 0.605672303125 0.408695653125 0.6213297156250001 0.40144927656249996 0.6168561687499999 0.36666666718749996 0.60641789375 0.3521739140625 0.5579544765625 0.36521739062499997 0.5594456609375 0.3869565234375 0.570629525 0.40144927656249996 0.5915060734375001 0.40724637656249996
0 0.7331683671875 0.42318840625 0.7391330953125 0.41159420312500006 0.7376419140625 0.37681159375 0.7242212765625 0.3695652171875 0.7197477296875 0.3695652171875 0.6958888171875001 0.37101449375 0.6958888171875001 0.41739130312499995 0.7167653656249999 0.42173912968750005 0.7331683671875 0.42318840625
0 0.7629920078125 0.27101449375 0.7749214640625001 0.2608695671875 0.7585184625 0.23188405625000003 0.7503169609375 0.22608695625 0.7443522328125 0.22898550625 0.7272036390625 0.2391304328125 0.724966865625 0.26376811718750004 0.748825778125 0.27101449375 0.7629920078125 0.27101449375
0 0.8830321624999999 0.16521739062500002 0.9605736296874999 0.16521739062500002 0.9747398593750001 0.143478259375 0.9702663125000001 0.1014492765625 0.927022034375 0.091304346875 0.89197925625 0.082608696875 0.8661043890625001 0.0840579703125 0.8315863828125 0.0956521734375 0.82338488125 0.1304347828125 0.8561908875 0.1521739140625 0.8830321624999999 0.16521739062500002