0 0.34296875 0.46015625 0.08671875 0.03984375
0 0.33359375 0.41875 0.06015625 0.02734375
0 0.3203125 0.62109375 0.06640625 0.0328125
0 0.28359375 0.72109375 0.09296875 0.0421875
0 0.43671875 0.7984375 0.21328125 0.1375
0 0.86640625 0.66015625 0.053125 0.05
0 0.6453125 0.69140625 0.05703125 0.05234375
0 0.528125 0.41875 0.05 0.02265625
0 0.76640625 0.38359375 0.146875 0.0375
0 0.91171875 0.43515625 0.04296875 0.025
0 0.86171875 0.4609375 0.04296875 0.02265625
0 0.95859375 0.53984375 0.0765625 0.025
0 0.94296875 0.5109375 0.06015625 0.0171875
0 0.675 0.5765625 0.06328125 0.02734375
0 0.7296875 0.6203125 0.03984375 0.025
0 0.61171875 0.9390625 0.11640625 0.1171875
0 0.3207456171875 0.7333333328125 0.331854096875 0.727777778125 0.3133399671875 0.7069444453125 0.3003800765625 0.702777778125 0.2562210640625 0.701388890625 0.241134859375 0.726388890625 0.2633518171875 0.7402777781250001 0.291123009375 0.7402777781250001 0.3207456171875 0.7333333328125
0 0.37443659375 0.863888890625 0.40591061406250006 0.863888890625 0.45775017656249994 0.8625 0.504035503125 0.8333333328125001 0.5392123468750001 0.790277778125 0.5429151734375 0.763888890625 0.5077383265625001 0.738888890625 0.42473958281249996 0.7555555546875 0.35962529062500004 0.784722221875 0.3374083328125 0.8180555546875 0.35407105 0.834722221875 0.37443659375 0.863888890625
0 0.60817749375 1 0.6706626703125 0.9958333328125001 0.67436549375 0.9680555546875 0.6651084296875001 0.9388888906249999 0.6651084296875001 0.9083333328125001 0.6465943000000001 0.877777778125 0.581794846875 0.8916666671875 0.5562210640624999 0.9055555546875 0.56883495625 0.9236111093750001 0.583646259375 0.934722221875 0.5929033234375 0.9555555546875001 0.589200496875 0.9833333328125 0.587491503125 1 0.60817749375 1
0 0.6447428859375 0.6680555546875 0.6151202796875 0.673611109375 0.611417453125 0.6819444453125 0.62437734375 0.701388890625 0.6447428859375 0.713888890625 0.6669598437500001 0.7041666671875 0.6632570171875 0.686111109375 0.6447428859375 0.6680555546875
0 0.8798723328125 0.6541666671875 0.8724666828125001 0.6333333328124999 0.8451099531249999 0.6444444453125 0.83914125 0.6694444453124999 0.8576553765625 0.686111109375 0.8780209203125 0.690277778125 0.8798723328125 0.6541666671875
0 0.7428677734375 0.6180555546875001 0.7150965796875 0.6166666671875001 0.7206508203124999 0.636111109375 0.7428677734375 0.6416666671875 0.7447191859375 0.626388890625 0.7428677734375 0.6180555546875001
0 0.7002852765625 0.5958333328125 0.702136690625 0.577777778125 0.68399884375 0.5583333328125 0.6632570171875 0.577777778125 0.6651084296875001 0.5875 0.683622559375 0.5958333328125 0.7002852765625 0.5958333328125
0 0.35962529062500004 0.6291666671875 0.339259746875 0.6125 0.3136284734375 0.6055555546875 0.28927159687500004 0.6125 0.302231490625 0.6291666671875 0.3448139859375 0.6319444453124999 0.35962529062500004 0.6291666671875
0 0.35962529062500004 0.477777778125 0.3873964828125 0.473611109375 0.39109930937500004 0.45555555468750003 0.36703094375 0.44444444531249994 0.31889420625 0.45 0.3003800765625 0.4625 0.3225970296875 0.475 0.35962529062500004 0.477777778125
0 0.40591061406250006 0.5041666671875 0.39109930937500004 0.498611109375 0.36888235625 0.5166666671875 0.37813942031250003 0.522222221875 0.39665355 0.522222221875 0.40591061406250006 0.5041666671875
0 0.36703094375 0.438888890625 0.3725851796875 0.41805555468750005 0.3559224640625 0.415277778125 0.33214699062499997 0.40833333281249995 0.29667725 0.4166666671875 0.302231490625 0.434722221875 0.3300026828125 0.438888890625 0.36703094375 0.438888890625
0 0.5429151734375 0.427777778125 0.554023653125 0.4166666671875 0.541063759375 0.411111109375 0.504035503125 0.413888890625 0.504035503125 0.43333333281249997 0.5281038703125 0.434722221875 0.5429151734375 0.427777778125
0 0.7354621234375001 0.398611109375 0.753976253125 0.40416666718750005 0.7687875562500001 0.40694444531249996 0.8076672265625 0.411111109375 0.8354384234375001 0.40833333281249995 0.8558039671875 0.40416666718750005 0.8558039671875 0.386111109375 0.8354384234375001 0.375 0.802112990625 0.36666666718749996 0.7706389703125 0.361111109375 0.745109953125 0.3708333328125 0.702136690625 0.372222221875 0.689176796875 0.3875 0.7150965796875 0.3944444453125 0.7354621234375001 0.398611109375
0 0.859506790625 0.473611109375 0.8706152703125 0.473611109375 0.8928322234375001 0.47222222187499996 0.8928322234375001 0.4625 0.8784432859375 0.45416666718750004 0.8521011406250001 0.45277777812500003 0.8428440734375 0.461111109375 0.8446954859375 0.46666666718750005 0.859506790625 0.473611109375
0 0.9354147234375001 0.44166666718750003 0.9206034203125 0.423611109375 0.8835751593750001 0.4291666671875 0.8928322234375001 0.4458333328125 0.9150491796875 0.448611109375 0.9354147234375001 0.44166666718750003
0 0.9798486328125 0.5097222218749999 0.9742943937499999 0.497222221875 0.943258103125 0.49583333281249997 0.9187520062500001 0.5083333328124999 0.92430624375 0.5208333328125 0.952077440625 0.523611109375 0.9798486328125 0.5097222218749999
0 0.9965113499999999 0.5569444453125 0.9965113499999999 0.5319444453125 0.9654803234375 0.523611109375 0.9298604828125001 0.5319444453125 0.931711896875 0.55 0.9557802671875001 0.5569444453125 0.9965113499999999 0.5569444453125