0 0.56328125 0.69921875 0.3265625 0.1671875
0 0.7265625 0.9421875 0.2734375 0.07890625
0 0.7484375 0.6265625 0.24296875 0.0765625
0 0.8453125 0.54609375 0.303125 0.03828125
0 0.596875 0.475 0.29296875 0.040625
0 0.5796875 0.4375 0.2734375 0.015625
0 0.5015625 0.39453125 0.13671875 0.0203125
0 0.6399245140625001 0.955882353125 0.6899126640625 0.9799208140625 0.74406649375 0.996889140625 0.8003031593750001 0.9855769234375 0.7857232828125 0.9587104078124999 0.8377942734375001 0.9346719453125001 0.8148830359374999 0.9219457015625 0.7794747640625 0.9233597281250001 0.7225841796875 0.9206960953125 0.712823896875 0.9247737562499999 0.6753327859375 0.9304298640625 0.6357588328125 0.9205316734375 0.600350559375 0.9304298640625 0.6232617968749999 0.9502262437500001 0.6399245140625001 0.955882353125
0 0.44830327031249995 0.74377828125 0.5066227796875 0.7593325796875 0.523285496875 0.770644796875 0.7003268593749999 0.7805429859374999 0.7149067359375 0.7480203624999999 0.712823896875 0.7140837109375 0.73365229375 0.697115384375 0.7461493296875 0.6688348421875 0.8440427937500001 0.66176470625 0.9336048937499999 0.6504524890625001 0.9877587234374999 0.6490384609375 0.8898652640625 0.634898190625 0.9169421765625 0.6094457015625 0.8440427937500001 0.6037895921875001 0.7961374796875 0.5953054296875 0.7586463703125 0.57975113125 0.704492540625 0.5698529406249999 0.6899126640625 0.5811651578125 0.6857469828125 0.5953054296875 0.64409019375 0.6080316734375 0.6274274765625 0.6179298640625001 0.5753564859375 0.6221719453125 0.5024571 0.625 0.4670488265625 0.6292420812499999 0.444137590625 0.6292420812499999 0.438248696875 0.6235859734375 0.41497783593750004 0.6546945703125 0.4691316671875 0.67873303125 0.444137590625 0.7225678734375001 0.44830327031249995 0.74377828125
0 0.6170132765624999 0.4595588234375 0.5941020406249999 0.45390271562500006 0.550362409375 0.4595588234375 0.51078845625 0.46238687812499996 0.47121450625000005 0.46238687812499996 0.5170369765625 0.47511312187500004 0.5795221640625 0.479355203125 0.5795221640625 0.4779411765625 0.7086582203125 0.4850113125 0.7399008140625 0.4722850671875 0.6794984640624999 0.46238687812499996 0.6170132765624999 0.4595588234375
0 0.712823896875 0.4496606328125 0.704492540625 0.43976244375 0.600350559375 0.438348415625 0.48371154375 0.434106334375 0.444137590625 0.43976244375 0.500374259375 0.44824660625 0.63367599375 0.4496606328125 0.712823896875 0.4496606328125
0 0.544113890625 0.40299773749999995 0.5607766062499999 0.4001696828125 0.5545280906250001 0.3916855203125 0.49829142031250007 0.3916855203125 0.4962085796875 0.3874434390625 0.45246895 0.39027149375 0.4587174703125 0.4015837109375 0.51078845625 0.40299773749999995 0.544113890625 0.40299773749999995
0 0.37123820625000004 0.39027149375 0.354575490625 0.3817873296875 0.3399956140625 0.3817873296875 0.3361653640625 0.37471719531250003 0.294173140625 0.380373303125 0.32125005624999997 0.393099546875 0.35249264999999996 0.39027149375 0.37123820625000004 0.39027149375
0 0.2254394328125 0.3506787328125 0.262930546875 0.35774886875 0.294173140625 0.34926470625 0.250748696875 0.34078054375 0.25251635 0.343608596875 0.2191909171875 0.34785067812500003 0.2254394328125 0.3506787328125
0 0.2546875 0.34609375 0.07890625 0.03125
0 0.32421875 0.384375 0.08125 0.0171875