0 0.4125 0.51328125 0.2796875 0.1796875
0 0.1859375 0.53828125 0.17265625 0.18359375
0 0.10625 0.75703125 0.1328125 0.1203125
0 0.81875 0.3046875 0.19765625 0.11640625
0 0.7546875 0.46796875 0.21484375 0.15
0 0.7859375 0.65 0.2328125 0.1734375
0 0.7296875 0.9734375 0.1296875 0.046875
0 0.061749396874999994 0.7902777765625 0.086743471875 0.8125 0.14506297968749998 0.8222222234375 0.171098475 0.798611109375 0.1586014375 0.761111109375 0.15756001718749998 0.7277777765625 0.13464878281249998 0.711111109375 0.110696128125 0.7083333328125 0.073291015625 0.713888890625 0.040921003125 0.7347222234374999 0.031548221875 0.76944444375 0.061749396874999994 0.7902777765625
0 0.228376565625 0.626388890625 0.271074775 0.611111109375 0.285654653125 0.58194444375 0.310648728125 0.575 0.3398084828125 0.5902777765625 0.4304120046875 0.60694444375 0.5345539828125 0.5930555562500001 0.561630896875 0.5555555562500001 0.5522581203125 0.49027777656250005 0.526222625 0.4527777765625 0.479358734375 0.4291666671875 0.41374928750000006 0.425 0.353346940625 0.4291666671875 0.315855828125 0.4347222234375 0.298151690625 0.45694444375 0.2596191578125 0.4722222234375 0.2450392796875 0.461111109375 0.21483810781249998 0.4527777765625 0.1627671171875 0.45972222343749997 0.1252760046875 0.475 0.1075718671875 0.5083333328124999 0.1075718671875 0.551388890625 0.13474935 0.586111109375 0.156518596875 0.6041666671875 0.192968290625 0.626388890625 0.228376565625 0.626388890625
0 0.6845184328125 0.63055555625 0.715761028125 0.6777777765625 0.7553349796875 0.70694444375 0.8053231296875 0.7 0.824068684375 0.7166666671875 0.848021340625 0.74444444375 0.9021751703125 0.738888890625 0.903216590625 0.6958333328124999 0.8896781328125 0.66944444375 0.878222515625 0.65 0.8344828828124999 0.5972222234375 0.8115716468749999 0.586111109375 0.7824118953125 0.5833333328125 0.7574178203125 0.5708333328124999 0.720968128125 0.5694444437499999 0.681394175 0.58194444375 0.6845184328125 0.63055555625
0 0.816778746875 0.398611109375 0.803240290625 0.4222222234375 0.754293559375 0.41805555625 0.7272166453125 0.4402777765625 0.6897255328125 0.45416666718750004 0.6886841125000001 0.4916666671875 0.6709799750000001 0.5 0.6626486171875 0.51944444375 0.690766953125 0.5375 0.724092384375 0.5416666671875 0.786577571875 0.5319444437499999 0.823291015625 0.5222222234375 0.849062759375 0.49027777656250005 0.8521870203124999 0.44444444375 0.8376071421875 0.41527777656250003 0.816778746875 0.398611109375
0 0.7220095453125001 0.3097222234375 0.7470036203125 0.34722222343750003 0.7959503531250001 0.3458333328125 0.8146959078125 0.36805555624999997 0.8709325781249999 0.361111109375 0.9198793078125 0.3527777765625 0.9177964671875 0.31805555625 0.8896781328125 0.30416666718749996 0.8730154156250001 0.276388890625 0.8428142421875 0.263888890625 0.80037435 0.2527777765625 0.776163375 0.26805555625 0.733465165625 0.28194444375 0.7220095453125001 0.3097222234375