0 0.4828125 0.146875 0.08984375 0.046875
0 0.54375 0.046875 0.1421875 0.06640625
0 0.8453125 0.26640625 0.303125 0.5328125
0 0.3953125 0.46015625 0.6953125 0.346875
0 0.29765625 0.83203125 0.2953125 0.3296875
0 0.0546875 0.80703125 0.1046875 0.0796875
0 0.43984375 0.21796875 0.0703125 0.06328125
0 0.35234375 0.25859375 0.08984375 0.05703125
0 0.92109375 0.58984375 0.15234375 0.1
0 0.3648025578125 0.5319444437499999 0.4397847828125 0.5694444437499999 0.50122855 0.5930555562500001 0.565796578125 0.601388890625 0.6439030625 0.601388890625 0.6709799750000001 0.588888890625 0.7095125078125 0.5652777765625 0.7168024468749999 0.523611109375 0.7136781875 0.48194444374999995 0.699098309375 0.43333333281249997 0.6636900375 0.40694444374999994 0.623074665625 0.39027777656249996 0.566837996875 0.36805555624999997 0.4928971921875 0.34027777656249997 0.4220806453125 0.325 0.3585540375 0.30694444375 0.3085658875 0.30694444375 0.2512878 0.31805555625 0.22629372499999997 0.3333333328125 0.203382490625 0.3527777765625 0.19412435 0.3625 0.21692094687500002 0.45972222343749997 0.254412059375 0.4722222234375 0.3096073078125 0.5097222234375 0.3648025578125 0.5319444437499999
0 0.161725696875 0.9597222234375 0.1627671171875 0.9875 0.1638085375 0.9930555562500001 0.3804238546875 0.99444444375 0.40958360781250003 0.9402777765625 0.43666052187500004 0.8652777765625 0.410625028125 0.801388890625 0.37938243437499997 0.7333333328125 0.331477121875 0.686111109375 0.2773232953125 0.6805555562500001 0.22745768281249998 0.6944444437499999 0.17942983437499999 0.75 0.17005705468750001 0.8083333328125001 0.1638085375 0.8902777765625001 0.161725696875 0.9597222234375
0 0.086743471875 0.8527777765625 0.0971576703125 0.8291666671875 0.0971576703125 0.79444444375 0.071122175 0.773611109375 0.0419624203125 0.775 0.005512728125 0.8055555562500001 0.0148855078125 0.8444444437499999 0.0461281 0.8541666671874999 0.086743471875 0.8527777765625
0 0.8803053546875 0.6277777765625 0.9167550468749999 0.6347222234375 0.9636189375 0.6347222234375 0.9938201125000001 0.6319444437499999 0.9990272093750001 0.6166666671875001 0.9948615328124999 0.5527777765625 0.966743196875 0.5472222234374999 0.911547946875 0.56805555625 0.871973996875 0.56805555625 0.8761396749999999 0.6083333328125 0.8803053546875 0.6277777765625
0 1 0.002778759375 0.7095125078125 0.006944443749999999 0.7024576828125 0.038888890625 0.7324237453125 0.1 0.749086459375 0.11944444375 0.726175225 0.1347222234375 0.7168024468749999 0.1541666671875 0.7230509656249999 0.188888890625 0.7303409046875 0.2166666671875 0.729299484375 0.263888890625 0.7397136828125 0.2958333328125 0.7990746093750001 0.31944444375000003 0.8615597968750001 0.325 0.8886367125 0.32083333281250004 0.9073822703125 0.34722222343750003 0.933417765625 0.3791666671875 0.9448733828125 0.3972222234375 0.960494678125 0.411111109375 0.9927786921875 0.40694444374999994 1 0.3455487734375 1 0.002778759375
0 0.486648671875 0.06111110937499999 0.5053942296875 0.07083333281250001 0.5543409593749999 0.0777777765625 0.5845421328125 0.075 0.60120485 0.06805555625000001 0.6084947875 0.04305555625 0.6022462703125 0.026388890625 0.5824592953125001 0.023611109375 0.5460096 0.019444443750000002 0.5126841671875 0.025 0.48560725312499997 0.029166667187500002 0.486648671875 0.06111110937499999
0 0.5074770671875 0.16805555625 0.528305465625 0.16805555625 0.5272640453124999 0.1416666671875 0.511642746875 0.13194444375 0.4751930546875 0.123611109375 0.4522818203125 0.13333333281249998 0.449157559375 0.1541666671875 0.4679031171875 0.16805555625 0.5074770671875 0.16805555625
0 0.440826203125 0.25 0.47311021562500005 0.24583333281250003 0.47623447499999993 0.23333333281250002 0.47311021562500005 0.20277777656249998 0.4554060796875 0.1902777765625 0.43370768281250005 0.186111109375 0.4179149671875 0.20416666718749998 0.4147907078125 0.21805555625 0.421039225 0.23888889062500002 0.440826203125 0.25
0 0.3648025578125 0.28194444375 0.381465271875 0.28055555625 0.3929208921875 0.25833333281250004 0.3897966328125 0.22777777656249998 0.368968234375 0.22777777656249998 0.3470984203125 0.2375 0.311690146875 0.2541666671875 0.311690146875 0.28055555625 0.3325185421875 0.2902777765625 0.3648025578125 0.28194444375