0 0.5609375 0.18359375 0.23671875 0.13984375
0 0.22734375 0.0515625 0.18046875 0.0765625
0 0.23359375 0.18203125 0.23828125 0.14296875
0 0.43046875 0.3484375 0.17421875 0.13671875
0 0.65234375 0.4734375 0.20078125 0.13359375
0 0.81015625 0.81484375 0.30390625 0.28359375
0 0.34921875 0.653125 0.3828125 0.3
0 0.75859375 0.13828125 0.1484375 0.08359375
0 0.91015625 0.2296875 0.1765625 0.11328125
0 0.68046875 0.0296875 0.1640625 0.059375
0 0.42698711874999995 0.7652777765625001 0.49654536406250005 0.711111109375 0.52702594375 0.64444444375 0.51686575 0.5541666671875001 0.42698711874999995 0.5277777765625 0.299593928125 0.525 0.22735314843749999 0.539710003125 0.178453165625 0.6277777765625 0.194865784375 0.7027777765625001 0.2128415109375 0.7458333328125 0.283181309375 0.7708333328125 0.3496133421875 0.7875 0.42698711874999995 0.7652777765625001
0 0.479351190625 0.40694444374999994 0.5027977906250001 0.38333333281250004 0.51686575 0.336111109375 0.50357934375 0.3027777765625 0.44183663281249996 0.29722222343750004 0.3988511984375 0.2958333328125 0.3832201328125 0.2875 0.37317024375 0.286111109375 0.34570557343749997 0.38055555625 0.3808754734375 0.43055555625 0.4426181859375 0.41944444374999995 0.479351190625 0.40694444374999994
0 0.26051626250000004 0.261111109375 0.3175696546875 0.23055555625 0.336326934375 0.16805555625 0.28552596874999997 0.13055555624999998 0.24410364375000002 0.13055555624999998 0.21518617031249998 0.13611110937499998 0.11514734687499999 0.1458333328125 0.11983666562499999 0.201388890625 0.196428890625 0.2527777765625 0.26051626250000004 0.261111109375
0 0.308191015625 0.09305555625 0.31522499375 0.048611109375 0.2917783953125 0.0208333328125 0.243322090625 0.023611109375 0.20815219062499998 0.023611109375 0.18236093125 0.01805555625 0.14250171250000002 0.0472222234375 0.169074525 0.08888889062500001 0.21831238437499997 0.09861110937499999 0.308191015625 0.09305555625
0 0.6169045734374999 0.263888890625 0.6872443734375 0.2541666671875 0.6731764124999999 0.1902777765625 0.6215938953125 0.14305555625 0.5731375890625 0.13333333281249998 0.5207735171875 0.113888890625 0.4871667234375 0.126388890625 0.44808905781249997 0.1625 0.473098765625 0.21527777656249997 0.530933709375 0.24722222343750003 0.6169045734374999 0.263888890625
0 0.6817735015624999 0.5555555562500001 0.74820553125 0.5402777765625 0.7583657234375 0.488888890625 0.71850650625 0.43194444374999996 0.6489482609375 0.41805555625 0.6372249609375 0.411111109375 0.5606327359375001 0.44305555625000004 0.5723560359375 0.5125 0.6137783625 0.5458333328125 0.6817735015624999 0.5555555562500001
0 0.6723948609375 0.7291666671875 0.667705540625 0.7958333328125 0.6817735015624999 0.8791666671874999 0.7013123328125 0.9375 0.7521132984375 0.9666666671874999 0.8474628031250001 0.9611111093750001 0.9193657078124999 0.95694444375 0.945938521875 0.91805555625 0.9764191 0.8708333328125001 0.9811084203125 0.7777777765625 0.95140939375 0.701388890625 0.81485254375 0.6708333328125 0.7739967921875001 0.68194444375 0.7044385453124999 0.6916666671875 0.6723948609375 0.7291666671875
0 0.9052977484375001 0.28194444375 0.978763759375 0.2902777765625 0.9967394859375001 0.2708333328125 0.9928317203124999 0.213888890625 0.9475016265624999 0.201388890625 0.9282046390625001 0.188888890625 0.8373026093749999 0.186111109375 0.8263608625 0.2375 0.8560598890625 0.2666666671875 0.9052977484375001 0.28194444375
0 0.6880259265625 0.14305555625 0.7380453390625 0.1833333328125 0.784156984375 0.1847222234375 0.810729796875 0.1847222234375 0.831050184375 0.15694444375 0.8177637765625001 0.1125 0.810729796875 0.1097222234375 0.7669628125 0.10833333281249999 0.7255404859375 0.0972222234375 0.694278353125 0.10694444375 0.6880259265625 0.14305555625
0 0.6098705953125 0.023611109375 0.617686128125 0.048611109375 0.6489482609375 0.0597222234375 0.7317929125 0.063888890625 0.7622734921875 0.063888890625 0.7669628125 0.0347222234375 0.7398056390625001 0.0083333328125 0.7341375718750001 0.0097222234375 0.614559915625 0.0041666671875 0.6098705953125 0.023611109375