0 0.5046875 0.46015625 0.334375 0.3734375
0 0.6359375 0.35859375 0.125 0.13046875
0 0.56015625 0.06328125 0.084375 0.05390625
0 0.12421875 0.05546875 0.0875 0.03046875
0 0.2375 0.1140625 0.096875 0.1
0 0.4203125 0.23828125 0.04609375 0.034375
0 0.396107528125 0.5625 0.41138168437499995 0.5708333328124999 0.4474842375 0.5638888890625 0.4780325515625 0.559722221875 0.508580865625 0.56805555625 0.55023765625 0.6152777781250001 0.5780088515624999 0.6375 0.5932830078125 0.6625 0.5974486875 0.684722221875 0.60022580625 0.6944444437499999 0.6307741203125 0.6958333328124999 0.6391054796875 0.6791666671875001 0.6474368375 0.6555555562500001 0.6793737109375 0.647222221875 0.66965379375 0.6138888890625 0.6418825984375001 0.5875 0.61966564375 0.5722222218749999 0.596060128125 0.55 0.5766202921875 0.5138888890625 0.5780088515624999 0.4791666671875 0.5793974109375 0.4513888890625 0.56273469375 0.427777778125 0.561346134375 0.40555555625000006 0.5557918953125001 0.3638888890625 0.5405177390625 0.334722221875 0.511357984375 0.302777778125 0.4641469546875 0.27777777812500004 0.433598640625 0.2736111109375 0.4044388859375 0.275 0.3516736171875 0.2875 0.3266795421875 0.3125 0.3477213546875 0.42222222187499997 0.3544507359375 0.4625 0.36972489375 0.48472222187499997 0.37944481093750004 0.522222221875 0.396107528125 0.5625
0 0.5793974109375 0.36666666718749996 0.598837246875 0.415277778125 0.623831321875 0.440277778125 0.6654881140625 0.434722221875 0.7015906671875001 0.42222222187499997 0.708533465625 0.39444444375 0.6890936296875 0.3583333328125 0.66271099375 0.365277778125 0.6418825984375001 0.34444444375 0.623831321875 0.3111111109375 0.6046657984375 0.290277778125 0.571066053125 0.302777778125 0.571066053125 0.3291666671875 0.5793974109375 0.36666666718749996
0 0.5918944484375 0.090277778125 0.6043914859374999 0.07638888906249999 0.5918944484375 0.05 0.54468341875 0.04444444375 0.511357984375 0.07083333281250001 0.5321863812500001 0.09305555625 0.559957575 0.09305555625 0.5918944484375 0.090277778125
0 0.409993125 0.25555555625 0.423878721875 0.25833333281250004 0.4544270359375 0.2513888890625 0.43661024375 0.2236111109375 0.4058274453125 0.215277778125 0.3974960875 0.22638888906250001 0.396107528125 0.24305555625 0.409993125 0.25555555625
0 0.28502275 0.11388888906250001 0.261417234375 0.08333333281250001 0.233646040625 0.058333332812500006 0.186435009375 0.058333332812500006 0.161440934375 0.054166667187499996 0.146166778125 0.0375 0.10034430624999999 0.0375 0.0711845515625 0.0416666671875 0.098955746875 0.0666666671875 0.13228118125 0.08194444375 0.1794922109375 0.0888888890625 0.19772135468750002 0.09305555625 0.221149003125 0.12222222187500001 0.24753163749999998 0.15277777812499999 0.28918842968749997 0.16388888906250001 0.28502275 0.11388888906250001