0 0.1796875 0.546875 0.1953125 0.08671875
0 0.50625 0.71328125 0.5875 0.49296875
0 0.7296875 0.225 0.11015625 0.03671875
0 0.8078125 0.31015625 0.35 0.13359375
0 0.9859375 0.4296875 0.02265625 0.06640625
0 0.45703125 0.18046875 0.18125 0.08125
0 0.203382490625 0.8958333328125001 0.23670792187499998 0.9055555562500001 0.3054416296875 0.9402777765625 0.393962309375 0.9638888906249999 0.461654596875 0.9305555562500001 0.5303883046875 0.9152777765625 0.631406025 0.9097222234375 0.653275840625 0.8513888906249999 0.7678320171874999 0.775 0.7990746093750001 0.7125 0.7938675125 0.6569444437499999 0.7949089328125 0.5916666671875 0.7772047953125 0.5458333328125 0.7147196078125 0.5083333328124999 0.6386959625 0.4722222234375 0.5085184875000001 0.4972222234375 0.4595717578125 0.5472222234374999 0.3845895328125 0.6291666671875 0.2846132328125 0.6875 0.260791015625 0.7875 0.243997859375 0.8111111093750001 0.211713846875 0.8472222234375 0.203382490625 0.8958333328125001
0 0.2648262578125 0.5097222234375 0.23774934218750002 0.5125 0.1971339703125 0.5152777765625001 0.131524521875 0.51805555625 0.10236477031249999 0.523611109375 0.0825777921875 0.548611109375 0.0950748296875 0.5777777765625001 0.1596428578125 0.588888890625 0.256494896875 0.5916666671875 0.274199034375 0.5472222234374999 0.2648262578125 0.5097222234375
0 0.6897255328125 0.33055555625 0.7126367671875 0.35694444375 0.7397136828125 0.3777777765625 0.8521870203124999 0.3916666671875 0.923003565625 0.38194444375000003 0.9657017781249999 0.38055555625 0.9823644953124999 0.375 0.991737271875 0.35 0.9886130124999999 0.32083333281250004 0.9698674578125001 0.286111109375 0.9396662828125001 0.26527777656249996 0.8928023921875001 0.25833333281250004 0.8553112796875 0.25833333281250004 0.8219858453125 0.25 0.7938675125 0.2402777765625 0.7595006578125 0.2527777765625 0.7522107203124999 0.2527777765625 0.7345065828124999 0.251388890625 0.6803527546875 0.25 0.66287435 0.2527777765625 0.6376545421875 0.273611109375 0.6553586796875 0.2916666671875 0.674104234375 0.30694444375 0.6897255328125 0.33055555625
0 0.726175225 0.24722222343750003 0.7844947328125 0.248611109375 0.791784671875 0.23194444375 0.7772047953125 0.22222222343750003 0.7667905968750001 0.21944444375 0.7220095453125001 0.21527777656249997 0.679541015625 0.20972222343750002 0.6834770125 0.23333333281250002 0.6845184328125 0.24583333281250003 0.690766953125 0.251388890625 0.726175225 0.24722222343750003
0 0.3023173703125 0.18194444375000002 0.30023452968750003 0.19861110937499998 0.32314576562499997 0.20277777656249998 0.3523055203125 0.20277777656249998 0.3877137921875 0.20277777656249998 0.40958360781250003 0.20416666718749998 0.4512404 0.19861110937499998 0.4835244125 0.19444444375 0.50122855 0.19861110937499998 0.5210155249999999 0.20416666718749998 0.531429725 0.1875 0.540802503125 0.1777777765625 0.5376782421875 0.1652777765625 0.5126841671875 0.1652777765625 0.48769009218750003 0.15694444375 0.465820278125 0.1666666671875 0.4179149671875 0.1666666671875 0.385791015625 0.1597222234375 0.3648025578125 0.161111109375 0.336684221875 0.16944444375 0.3023173703125 0.18194444375000002