0 0.3796875 0.821875 0.1375 0.096875
0 0.4859375 0.7546875 0.08203125 0.05703125
0 0.2578125 0.61015625 0.13359375 0.0796875
0 0.434375 0.58984375 0.06875 0.046875
0 0.5625 0.596875 0.0796875 0.03359375
0 0.69140625 0.58984375 0.04921875 0.03359375
0 0.5703125 0.5734375 0.11796875 0.0265625
0 0.42890625 0.49296875 0.084375 0.046875
0 0.1890625 0.478125 0.0359375 0.0234375
0 0.303125 0.5 0.0640625 0.03984375
0 0.35546875 0.44140625 0.03125 0.0234375
0 0.80703125 0.76640625 0.1953125 0.1
0 0.2734375 0.4375 0.0734375 0.05
0 0.29921875 0.38125 0.04453125 0.04140625
0 0.42240699375 0.8666666671875 0.43536688437500004 0.8527777765625 0.4390697109375 0.8263888906249999 0.42796123281250004 0.7875 0.41129851562499997 0.7875 0.3677903109375 0.7833333328125 0.34279623593749997 0.7902777765625 0.3252078140625 0.8041666671875 0.340944821875 0.8458333328125001 0.36686460468750004 0.86944444375 0.3918586796875 0.875 0.42240699375 0.8666666671875
0 0.5094234015625 0.7777777765625 0.5001663375 0.75 0.48535503281250003 0.7416666671875001 0.46684090468750006 0.7416666671875001 0.44832677500000007 0.748611109375 0.462212371875 0.7805555562500001 0.4807265015625 0.786111109375 0.5020177515625 0.7833333328125 0.5094234015625 0.7777777765625
0 0.72233589375 0.7541666671875 0.7501070890625 0.7805555562500001 0.7797296953124999 0.8125 0.813055128125 0.8222222234375 0.859340453125 0.8222222234375 0.8898887671875 0.8138888906249999 0.8926658859375 0.79444444375 0.8797059953125 0.7833333328125 0.8519348015625001 0.7722222234375 0.8324949640625 0.7625 0.80102094375 0.7402777765625 0.7778782828125 0.7375 0.7325186640625 0.7375 0.72233589375 0.7541666671875
0 0.7028960578125 0.5916666671875 0.6862333406250001 0.58194444375 0.6714220375 0.5944444437499999 0.6853076359375 0.6097222234374999 0.706598884375 0.60694444375 0.7028960578125 0.5916666671875
0 0.587182746875 0.5930555562500001 0.5668172046875 0.5847222234375 0.5410734953125 0.5902777765625 0.5510801937500001 0.60694444375 0.5668172046875 0.6125 0.5853313328125 0.6125 0.587182746875 0.5930555562500001
0 0.460360959375 0.6027777765625 0.46406378437500007 0.58194444375 0.44740106874999996 0.576388890625 0.4095920140625 0.5708333328124999 0.417778459375 0.5916666671875 0.433515471875 0.6027777765625 0.460360959375 0.6027777765625
0 0.313173628125 0.6527777765625 0.31039650937499996 0.6319444437499999 0.3039165640625 0.6277777765625 0.2835510203125 0.626388890625 0.26133406406250004 0.6152777765625 0.240968521875 0.5972222234375 0.22615722031250002 0.5791666671875 0.20116314375000002 0.5833333328125 0.21690015312500002 0.6 0.23078575156249997 0.6152777765625 0.257631240625 0.64444444375 0.313173628125 0.6527777765625
0 0.32243069375 0.5027777765625 0.2955852046875 0.48333333281249996 0.2844767265625 0.4875 0.27614536875 0.5125 0.2946594984375 0.5319444437499999 0.3150250421875 0.5305555562500001 0.32243069375 0.5027777765625
0 0.37797308281249997 0.488888890625 0.3844530265625 0.5 0.3955615046875 0.511111109375 0.412224221875 0.511111109375 0.4316640578125 0.5152777765625001 0.45202960000000003 0.5152777765625001 0.46684090468750006 0.511111109375 0.47239514375 0.4972222234375 0.4566581328125 0.488888890625 0.44740106874999996 0.488888890625 0.42796123281250004 0.488888890625 0.41407563593749996 0.4722222234375 0.40204145156250004 0.47083333281249995 0.3909329734375 0.473611109375 0.37797308281249997 0.488888890625
0 0.36686460468750004 0.45555555625000005 0.362236071875 0.44166666718750003 0.3548304203125 0.43333333281249997 0.34187052812499996 0.436111109375 0.340944821875 0.44444444375 0.3492761828125 0.45972222343749997 0.36686460468750004 0.45555555625000005
0 0.2789224890625 0.438888890625 0.2678140109375 0.41805555625 0.2548541203125 0.41805555625 0.2548541203125 0.4347222234375 0.26411118437500003 0.44444444375 0.2789224890625 0.438888890625
0 0.2909566734375 0.39027777656249996 0.3094708015625 0.386111109375 0.3094708015625 0.36944444375 0.2928080859375 0.363888890625 0.2835510203125 0.36666666718749996 0.2835510203125 0.3791666671875 0.2909566734375 0.39027777656249996
0 0.2094945015625 0.4847222234375 0.1965346109375 0.4722222234375 0.17894618906249998 0.4652777765625 0.16876341718750001 0.476388890625 0.17894618906249998 0.498611109375 0.1965346109375 0.5027777765625 0.2094945015625 0.4847222234375