0 0.171875 0.5453125 0.11796875 0.05
0 0.2765625 0.63359375 0.09140625 0.06015625
0 0.40390625 0.528125 0.1015625 0.04296875
0 0.6375 0.58671875 0.12734375 0.06015625
0 0.50234375 0.7734375 0.34140625 0.13359375
0 0.05859375 0.4375 0.1171875 0.0375
0 0.3046875 0.41640625 0.06796875 0.0265625
0 0.3854974265625 0.7722222234375 0.35315215 0.7833333328125 0.3462910328125 0.79305555625 0.36295375 0.8027777765625 0.3992196640625 0.8111111093750001 0.44332685468750005 0.823611109375 0.503116603125 0.8402777765625 0.611914340625 0.8347222234375 0.6442596140625 0.8125 0.6609223296875 0.7972222234374999 0.650140571875 0.7722222234375 0.650140571875 0.7583333328124999 0.6393588140625 0.7458333328125 0.6079937015625 0.74444444375 0.5717277875 0.7291666671875 0.5521245921875 0.726388890625 0.5374221953125 0.725 0.5227197968749999 0.711111109375 0.507037240625 0.7166666671875 0.4874340453125 0.7180555562500001 0.47273164687499997 0.7180555562500001 0.44920781249999997 0.7194444437499999 0.42078317812500005 0.7333333328125 0.41294189843750007 0.75555555625 0.41294189843750007 0.761111109375 0.3854974265625 0.7722222234375
0 0.5952516234375 0.573611109375 0.5864301859375 0.6027777765625 0.5864301859375 0.613888890625 0.5981921031249999 0.6166666671875001 0.6344580171875001 0.6152777765625 0.6981684031250001 0.6166666671875001 0.6991485625 0.5875 0.6942477640625 0.58055555625 0.6677834500000001 0.575 0.6383786546875 0.5694444437499999 0.6393588140625 0.5652777765625 0.6177952984374999 0.56805555625 0.5952516234375 0.573611109375
0 0.36295375 0.54305555625 0.3854974265625 0.54444444375 0.40804110156249995 0.5458333328125 0.43450541718749996 0.548611109375 0.45116813125000005 0.548611109375 0.45410861249999995 0.536111109375 0.450187971875 0.523611109375 0.43156493593749995 0.51944444375 0.42862445625 0.5166666671875 0.3992196640625 0.513888890625 0.3737355078125 0.5222222234375 0.36001327031249997 0.5319444437499999 0.36295375 0.54305555625
0 0.236513134375 0.6347222234375 0.2433742546875 0.65 0.2492552125 0.6541666671875 0.309044959375 0.6597222234375 0.32080687812500003 0.6319444437499999 0.31688624062500004 0.6180555562500001 0.2992433625 0.6180555562500001 0.28846160468750004 0.6166666671875001 0.272779046875 0.6125 0.273881740625 0.6083333328125 0.2531758515625 0.6 0.241413934375 0.6041666671875 0.236513134375 0.613888890625 0.236513134375 0.6347222234375
0 0.1198741171875 0.548611109375 0.1218344375 0.563888890625 0.1335963546875 0.5708333328124999 0.1855448265625 0.5708333328124999 0.218870259375 0.56805555625 0.22867185625 0.55 0.222790896875 0.5319444437499999 0.205148021875 0.5319444437499999 0.20122738125 0.525 0.170842428125 0.5277777765625 0.1473185921875 0.538888890625 0.1267352375 0.538888890625 0.1198741171875 0.548611109375
0 0.0042152609375 0.436111109375 0.000294621875 0.44166666718750003 0.00617558125 0.45694444375 0.08360820468749999 0.461111109375 0.1100725203125 0.45416666718750004 0.1169336375 0.4402777765625 0.09438996250000001 0.43194444374999996 0.0866268375 0.43055555625 0.06302485 0.426388890625 0.0473422921875 0.42777777656250005 0.0296994171875 0.4347222234375 0.0042152609375 0.436111109375
0 0.2992433625 0.4347222234375 0.3129656 0.43333333281249997 0.3286481578125 0.4291666671875 0.329628315625 0.41527777656250003 0.30708464062499996 0.40833333281249995 0.3061044796875 0.411111109375 0.285521125 0.4125 0.2806203265625 0.4166666671875 0.2825806453125 0.4291666671875 0.2992433625 0.4347222234375
0 0.49233484531249994 0.5847222234375 0.5011562828125 0.5944444437499999 0.520759478125 0.6027777765625 0.5423229921875 0.6041666671875 0.5648666703125 0.6027777765625 0.5815293859375 0.6 0.584469865625 0.573611109375 0.56584683125 0.55694444375 0.535646446875 0.5583333328125 0.5364420359375 0.5541666671875001 0.5236999578125 0.561111109375 0.49233484531249994 0.5847222234375
0 0.540625 0.5875 0.0890625 0.06640625