0 0.4140625 0.4796875 0.3921875 0.30703125
0 0.15234375 0.80703125 0.3046875 0.21328125
0 0.82734375 0.51484375 0.25 0.1234375
0 0.8296875 0.63359375 0.25 0.13359375
0 0.79375 0.81015625 0.2171875 0.253125
0 0.69375 0.378125 0.2625 0.1234375
0 0.66484375 0.275 0.1546875 0.05703125
0 0.37890625 0.16484375 0.17265625 0.0703125
0 0.575 0.1953125 0.175 0.0765625
0 0.7390625 0.15859375 0.1375 0.08984375
0 0.6578125 0.0953125 0.1046875 0.05
0 0.5484375 0.0703125 0.1171875 0.03984375
0 0.4390625 0.0953125 0.1171875 0.04296875
0 0.26015625 0.11328125 0.08515625 0.03359375
0 0.29140625 0.06328125 0.0625 0.0203125
0 0.3109375 0.0234375 0.0578125 0.0203125
0 0.3796875 0.03984375 0.06015625 0.0265625
0 0.103125 0.04140625 0.0703125 0.02890625
0 0.8734375 0.14609375 0.05546875 0.025
0 0.7921875 0.07734375 0.05546875 0.02890625
0 0.021134025 0.8833333328125 0.055500878125 0.9013888906249999 0.0971576703125 0.9041666671874999 0.1461044 0.9041666671874999 0.1971339703125 0.9013888906249999 0.248163540625 0.8888888906249999 0.281488971875 0.8527777765625 0.286696071875 0.7902777765625 0.2804475546875 0.73194444375 0.243997859375 0.713888890625 0.14922865937500002 0.7 0.0669564953125 0.701388890625 0.0252997046875 0.7166666671875 0.00134705 0.7333333328125 0.0034298906249999998 0.8722222234375 0.021134025 0.8833333328125
0 0.3929208921875 0.6222222234375 0.528305465625 0.6125 0.590790653125 0.5833333328125 0.5824592953125001 0.4916666671875 0.5272640453124999 0.3847222234375 0.46998595468750004 0.3527777765625 0.2898203328125 0.3958333328125 0.2335836625 0.4916666671875 0.2596191578125 0.55 0.3096073078125 0.5847222234375 0.3929208921875 0.6222222234375
0 0.724092384375 0.4347222234375 0.7699148578125 0.3791666671875 0.7438793625 0.3416666671875 0.673062815625 0.32777777656249996 0.5743326828125 0.348611109375 0.5626723171875 0.44722222343749995 0.660565778125 0.45 0.724092384375 0.4347222234375
0 0.884471034375 0.5708333328124999 0.9167550468749999 0.5708333328124999 0.9521633203125001 0.5166666671875 0.9417491218749999 0.488888890625 0.8386485625000001 0.46805555625000006 0.7938675125 0.476388890625 0.7699148578125 0.4722222234375 0.733465165625 0.5305555562500001 0.785536153125 0.548611109375 0.824068684375 0.5583333328125 0.884471034375 0.5708333328124999
0 0.781370475 0.6847222234375 0.8115716468749999 0.688888890625 0.8428142421875 0.69305555625 0.8813467749999999 0.701388890625 0.920920728125 0.70694444375 0.946956221875 0.688888890625 0.9521633203125001 0.675 0.9552875796875 0.61944444375 0.9125893671875 0.598611109375 0.849062759375 0.5902777765625 0.8042817093749999 0.58055555625 0.7618326828125 0.56805555625 0.7188852875 0.6125 0.7251338046875 0.65 0.7501278796874999 0.6791666671875001 0.781370475 0.6847222234375
0 0.80636455 0.9361111093750001 0.8573941203125001 0.863888890625 0.898009490625 0.7625 0.8886367125 0.723611109375 0.7595006578125 0.7180555562500001 0.6970154703125 0.711111109375 0.682666015625 0.7222222234375 0.70118115 0.776388890625 0.711595346875 0.8333333328125001 0.735548003125 0.88055555625 0.80636455 0.9361111093750001
0 0.635571703125 0.23194444375 0.651193 0.2208333328125 0.640778803125 0.1875 0.599122009375 0.17638889062500002 0.5909993499999999 0.175 0.49706287031249996 0.175 0.540802503125 0.22777777656249998 0.590790653125 0.23055555625 0.635571703125 0.23194444375
0 0.410625028125 0.2166666671875 0.4460333 0.20833333281250002 0.4595717578125 0.19444444375 0.448116140625 0.1458333328125 0.386672371875 0.1402777765625 0.331477121875 0.14444444375 0.328352865625 0.18055555625 0.3720924953125 0.213888890625 0.410625028125 0.2166666671875
0 0.45332324062499996 0.11805555625 0.465820278125 0.11805555625 0.48560725312499997 0.11111110937499999 0.4897729328125 0.1027777765625 0.48560725312499997 0.09305555625 0.4626960171875 0.08055555625000001 0.426246325 0.08055555625000001 0.4149576828125 0.0791666671875 0.393962309375 0.09444444375 0.411666446875 0.10833333281249999 0.4304120046875 0.11805555625 0.45332324062499996 0.11805555625
0 0.23566650312499998 0.1277777765625 0.268991934375 0.1277777765625 0.285654653125 0.126388890625 0.29711027031250004 0.11805555625 0.2825303921875 0.1027777765625 0.2387907625 0.09861110937499999 0.22004520468750002 0.1027777765625 0.21900378437499998 0.1208333328125 0.23566650312499998 0.1277777765625
0 0.0773706953125 0.0472222234375 0.090909153125 0.0472222234375 0.10861328750000002 0.05 0.11382038750000001 0.0472222234375 0.107666015625 0.026388890625 0.076329275 0.027777776562500002 0.0596665578125 0.0347222234375 0.065915078125 0.0472222234375 0.0773706953125 0.0472222234375
0 0.30127595 0.0791666671875 0.30752446718750004 0.0777777765625 0.311690146875 0.06111110937499999 0.295166015625 0.0527777765625 0.2637848375 0.05694444375 0.2637848375 0.07638889062500001 0.2825303921875 0.0791666671875 0.30127595 0.0791666671875
0 0.329394284375 0.0347222234375 0.3325185421875 0.025 0.307666015625 0.013888890625 0.2804475546875 0.0208333328125 0.30023452968750003 0.0347222234375 0.321062925 0.0375 0.329394284375 0.0347222234375
0 0.386672371875 0.05694444375 0.40750076718750006 0.05694444375 0.4147907078125 0.0402777765625 0.40125225000000003 0.030555556249999997 0.386672371875 0.030555556249999997 0.373291015625 0.0333333328125 0.3502226796875 0.04444444375 0.36271971718749996 0.054166667187499996 0.373133915625 0.055555556250000006 0.386672371875 0.05694444375
0 0.548092440625 0.0972222234375 0.5678794171875 0.0972222234375 0.590790653125 0.0972222234375 0.6001634296875 0.0958333328125 0.6053705296875 0.0847222234375 0.6053705296875 0.07083333281250001 0.5918320718750001 0.0597222234375 0.5699622578125 0.051388890625 0.5597493499999999 0.0527777765625 0.5053942296875 0.05694444375 0.5022699703125 0.0875 0.5272640453124999 0.0958333328125 0.548092440625 0.0972222234375
0 0.6334888624999999 0.1152777765625 0.651193 0.1166666671875 0.6688971375 0.1166666671875 0.6866012718750001 0.1166666671875 0.7043054093750001 0.1125 0.70638825 0.1041666671875 0.7043054093750001 0.0777777765625 0.673062815625 0.07083333281250001 0.65662435 0.0777777765625 0.623074665625 0.07638889062500001 0.615784728125 0.09861110937499999 0.6199504078125 0.10694444375 0.6334888624999999 0.1152777765625
0 0.8094888078125001 0.0916666671875 0.8219858453125 0.08888889062500001 0.8199030078125 0.0777777765625 0.7928260921875 0.0625 0.7647077578125 0.06805555625000001 0.7667905968750001 0.08888889062500001 0.7949089328125 0.0916666671875 0.8094888078125001 0.0916666671875
0 0.8938438124999999 0.148611109375 0.9021751703125 0.1375 0.878222515625 0.1375 0.8438556625 0.1347222234375 0.8428142421875 0.148611109375 0.865725478125 0.15555555625 0.8938438124999999 0.148611109375
0 0.6876426921875 0.1652777765625 0.6772284953125001 0.1652777765625 0.6824355953125 0.188888890625 0.7230509656249999 0.1972222234375 0.7605420781250001 0.1916666671875 0.7688734375 0.1847222234375 0.770956278125 0.175 0.7959503531250001 0.16944444375 0.808447390625 0.1625 0.816778746875 0.15 0.8146959078125 0.1347222234375 0.770956278125 0.126388890625 0.7316243499999999 0.11805555625 0.710553928125 0.1347222234375 0.7178438671875 0.15 0.715761028125 0.1583333328125 0.6876426921875 0.1652777765625
0 0.620991825 0.2916666671875 0.6574415203124999 0.311111109375 0.690766953125 0.3083333328125 0.711595346875 0.30416666718749996 0.7272166453125 0.298611109375 0.735548003125 0.2791666671875 0.7345065828124999 0.25833333281250004 0.7001397296875 0.25555555625 0.6743326828125 0.251388890625 0.616826146875 0.2541666671875 0.6001634296875 0.2597222234375 0.598080590625 0.28194444375 0.620991825 0.2916666671875