0 0.19609375 0.5015625 0.10078125 0.05703125
0 0.24609375 0.61484375 0.14296875 0.1234375
0 0.78671875 0.61015625 0.22109375 0.11328125
0 0.84375 0.7703125 0.0578125 0.03359375
0 0.84375 0.8734375 0.103125 0.11328125
0 0.7171875 0.75859375 0.12734375 0.096875
0 0.7359375 0.446875 0.07265625 0.05234375
0 0.53984375 0.38359375 0.046875 0.04140625
0 0.4 0.59140625 0.0390625 0.04609375
0 0.8375 0.48359375 0.05703125 0.0375
0 0.3134107421875 0.6555555562500001 0.3199341765625 0.638888890625 0.311546903125 0.6222222234375 0.3087511453125 0.5958333328125 0.3143426625 0.5777777765625001 0.3087511453125 0.5652777765625 0.2798616484375 0.563888890625 0.2630871 0.5527777765625 0.2407210375 0.551388890625 0.22021881406250002 0.55694444375 0.2043761875 0.5625 0.1913293171875 0.5708333328124999 0.1754866890625 0.5847222234375 0.18014628593749998 0.6208333328125 0.1876016390625 0.6541666671875 0.2156593734375 0.661111109375 0.26029134374999996 0.6791666671875001 0.3012957921875 0.6666666671875 0.3134107421875 0.6555555562500001
0 0.16243981875 0.525 0.17735052812500002 0.5291666671875 0.189465478125 0.536111109375 0.1941250765625 0.54444444375 0.20158042968749998 0.5541666671875001 0.22301457343750003 0.5555555562500001 0.22674224999999998 0.5472222234374999 0.22674224999999998 0.5416666671875 0.23606144218749997 0.5333333328125 0.2528359890625 0.5277777765625 0.25190406875 0.5166666671875 0.2453806359375 0.5083333328124999 0.23978911875 0.49444444374999996 0.23606144218749997 0.4875 0.2192868953125 0.48055555625 0.20717194375 0.4791666671875 0.19785275156249998 0.4791666671875 0.16159524218750002 0.4847222234375 0.1465971921875 0.4972222234375 0.13634608125 0.5041666671875 0.14286951406249998 0.523611109375 0.16243981875 0.525
0 0.41033034687500003 0.611111109375 0.414058025 0.60694444375 0.4131261046875 0.58055555625 0.3954196390625 0.5708333328124999 0.3825124671875 0.573611109375 0.38144085 0.60555555625 0.3898281234375 0.6166666671875001 0.400079234375 0.6166666671875001 0.41033034687500003 0.611111109375
0 0.6479697625 0.7333333328125 0.64703784375 0.7541666671875 0.6489016828125 0.7791666671875 0.6544931984375 0.7958333328125 0.66660815 0.8097222234375 0.684314615625 0.8222222234375 0.7262509828125 0.8263888906249999 0.7532766421875 0.8152777765625 0.7765746234375001 0.80694444375 0.784029978125 0.786111109375 0.7784384625 0.761111109375 0.76725543125 0.726388890625 0.761663915625 0.7152777765625 0.7290467406250001 0.701388890625 0.706680678125 0.7027777765625001 0.6982934046875 0.713888890625 0.6863901703125 0.7208333328125 0.6759273421875001 0.7125 0.6563570359375 0.7152777765625 0.6479697625 0.7333333328125
0 0.8762899859375001 0.79444444375 0.8762899859375001 0.7666666671875 0.8688346328125001 0.7541666671875 0.861379278125 0.748611109375 0.8418089734375 0.75 0.8278301828125001 0.75555555625 0.81385139375 0.7597222234375 0.8224826390625 0.775 0.8371493765625001 0.8041666671875 0.861379278125 0.8055555562500001 0.8762899859375001 0.79444444375
0 0.8408770531249999 0.9125 0.8856091796875001 0.9472222234375 0.8930645328125 0.9388888906249999 0.892132615625 0.9041666671874999 0.8884049375 0.8736111093750001 0.8865410984375 0.85 0.8706984703125 0.8402777765625 0.8296940218750001 0.823611109375 0.796144928125 0.825 0.800804525 0.8652777765625 0.818510990625 0.8888888906249999 0.8408770531249999 0.9125
0 0.851128165625 0.48194444374999995 0.8455366515625 0.47777777656250003 0.8343536203124999 0.47083333281249995 0.8194429109374999 0.46805555625000006 0.8101237187500001 0.48333333281249996 0.8241025078125 0.4916666671875 0.8306259421875 0.501388890625 0.8557877625 0.4972222234375 0.851128165625 0.48194444374999995
0 0.6889742125 0.5930555562500001 0.6544931984375 0.58055555625 0.6060333953125 0.5666666671875 0.6172164265625 0.6097222234374999 0.661948553125 0.6180555562500001 0.71413603125 0.6333333328124999 0.7495489640625 0.6555555562500001 0.82596634375 0.673611109375 0.8790857453124999 0.68194444375 0.9005198875 0.6708333328125 0.90983908125 0.6527777765625 0.8986560484374999 0.6333333328124999 0.884677259375 0.625 0.8585835218750001 0.6152777765625 0.8371493765625001 0.5944444437499999 0.8110556375 0.58055555625 0.7858938171875 0.5902777765625 0.76725543125 0.586111109375 0.73650209375 0.573611109375 0.7281148203125001 0.5597222234375 0.6759273421875001 0.5625 0.6889742125 0.5930555562500001
0 0.7309105796875001 0.44166666718750003 0.7122721953125 0.43194444374999996 0.7020210812500001 0.4375 0.707612596875 0.45555555625000005 0.717863709375 0.461111109375 0.728336478125 0.45416666718750004 0.7560724 0.461111109375 0.76725543125 0.4527777765625 0.750480884375 0.438888890625 0.7309105796875001 0.44166666718750003
0 0.530547934375 0.3777777765625 0.5193649031249999 0.3847222234375 0.5344513203125 0.3916666671875 0.5575735921875 0.3972222234375 0.5566416734375 0.38055555625 0.5454586421875 0.376388890625 0.530547934375 0.3777777765625