0 0.640625 0.81171875 0.259375 0.203125
0 0.653125 0.49140625 0.2078125 0.08984375
0 0.75390625 0.38828125 0.18046875 0.05
0 0.76640625 0.31328125 0.12265625 0.03984375
0 0.68984375 0.28359375 0.10625 0.03359375
0 0.64375 0.25703125 0.0953125 0.0265625
0 0.71015625 0.21640625 0.065625 0.0265625
0 0.43828125 0.41015625 0.12265625 0.046875
0 0.44296875 0.36640625 0.0875 0.03984375
0 0.53671875 0.31484375 0.0734375 0.0296875
0 0.38671875 0.3265625 0.08984375 0.03359375
0 0.334375 0.36796875 0.0625 0.0296875
0 0.075 0.753125 0.12265625 0.1
0 0.1084485109375 0.7180555562500001 0.0674746171875 0.7208333328125 0.025362559375 0.7458333328125 0.025362559375 0.7791666671875 0.034467871875 0.788888890625 0.064060125 0.801388890625 0.097066875 0.79305555625 0.11880621093749999 0.7527777765625 0.12665913125 0.748611109375 0.12665913125 0.7222222234375 0.1084485109375 0.7180555562500001
0 0.5591613390625 0.8777777765625 0.5694048140625 0.886111109375 0.6149313609375 0.8958333328125001 0.6615960734375 0.9041666671874999 0.7139516031250001 0.9069444437499999 0.7310240593749999 0.9027777765625 0.7697216250000001 0.8819444437499999 0.771997953125 0.823611109375 0.7606163171875 0.798611109375 0.757201825 0.7777777765625 0.7002936390625 0.7583333328124999 0.65704341875 0.74444444375 0.6342801453125 0.7458333328125 0.5637139953125 0.76805555625 0.548917865625 0.83194444375 0.5432270484374999 0.8652777765625 0.5591613390625 0.8777777765625
0 0.63314198125 0.5375 0.6763922015625 0.5347222234375 0.729885896875 0.5291666671875 0.7537873328125 0.5166666671875 0.7606163171875 0.46805555625000006 0.7367148796875 0.463888890625 0.6752540375 0.45555555625000005 0.628589325 0.4458333328125 0.618578525 0.45694444375 0.5739574671875001 0.463888890625 0.5591613390625 0.5027777765625 0.56826665 0.5305555562500001 0.63314198125 0.5375
0 0.7355767156249999 0.41527777656250003 0.7754124453125 0.41805555625 0.8402877765625 0.4027777765625 0.8357351203125001 0.38194444375000003 0.7947612265624999 0.36666666718749996 0.712813440625 0.36805555624999997 0.7073763390625001 0.3708333328125 0.671839546875 0.376388890625 0.66956321875 0.40694444374999994 0.699155475 0.411111109375 0.7355767156249999 0.41527777656250003
0 0.512496628125 0.4222222234375 0.4977005 0.3958333328125 0.43282516875 0.39305555625 0.424858021875 0.3916666671875 0.3827459640625 0.40833333281249995 0.388436784375 0.43194444374999996 0.4578647703125 0.43333333281249997 0.512496628125 0.4222222234375
0 0.495424171875 0.35972222343750004 0.45900293437500006 0.3541666671875 0.424858021875 0.3541666671875 0.4146145484375 0.348611109375 0.39981842031250003 0.376388890625 0.4259961859375 0.3847222234375 0.48062804375 0.3847222234375 0.495424171875 0.35972222343750004
0 0.3440483984375 0.388888890625 0.3633971828125 0.373611109375 0.3565682 0.35694444375 0.3417720703125 0.351388890625 0.3315285984375 0.351388890625 0.3121798140625 0.3583333328125 0.3099034890625 0.3708333328125 0.317870634375 0.38194444375000003 0.3440483984375 0.388888890625
0 0.429410678125 0.336111109375 0.43282516875 0.31944444375000003 0.39071311249999996 0.31805555625 0.36681167187499997 0.3166666671875 0.354291871875 0.31805555625 0.33721941875 0.3347222234375 0.3588445265625 0.34444444375 0.405509240625 0.34444444375 0.429410678125 0.336111109375
0 0.4578647703125 0.25833333281250004 0.447813496875 0.263888890625 0.45558844218749994 0.286111109375 0.4772135515625 0.2875 0.4817662078125 0.263888890625 0.4578647703125 0.25833333281250004
0 0.5568850140625 0.30555555624999997 0.512496628125 0.29722222343750004 0.5147729562500001 0.30694444375 0.49314784375 0.32777777656249996 0.553470521875 0.336111109375 0.570542978125 0.323611109375 0.5568850140625 0.30555555624999997
0 0.7287477328125 0.4097222234375 0.7799650984375 0.4027777765625 0.8050047015624999 0.4027777765625 0.8334587921875001 0.40416666718750005 0.84484043125 0.3777777765625 0.7970375546875 0.36805555624999997 0.7458201890625 0.36805555624999997 0.7185042593750001 0.3652777765625 0.6684250546875 0.375 0.6672868937499999 0.4 0.705984459375 0.4097222234375 0.7287477328125 0.4097222234375
0 0.817524503125 0.326388890625 0.8311824671875 0.3222222234375 0.8186626671875 0.3083333328125 0.7879322453125 0.3 0.7515110046875 0.3 0.7344385515625 0.3 0.7321622234375 0.29722222343750004 0.699155475 0.32083333281250004 0.729885896875 0.33194444375 0.7754124453125 0.3333333328125 0.817524503125 0.326388890625
0 0.729885896875 0.301388890625 0.7412675328125 0.2791666671875 0.7071226234375 0.26805555625 0.68208301875 0.2666666671875 0.6811923656250001 0.26805555625 0.6467999453125 0.275 0.6502144375000001 0.2958333328125 0.6980173109375001 0.3 0.729885896875 0.301388890625
0 0.6934646578125 0.2625 0.674115875 0.251388890625 0.6411091250000001 0.25 0.613793196875 0.25 0.6081023796875 0.24305555625 0.6046878875 0.2625 0.6456617812500001 0.26944444375 0.677530365625 0.26944444375 0.6934646578125 0.2625
0 0.7355767156249999 0.22777777656249998 0.7458201890625 0.21944444375 0.7139516031250001 0.211111109375 0.701431803125 0.20972222343750002 0.686635675 0.213888890625 0.6923264953125 0.22222222343750003 0.71622793125 0.22777777656249998 0.7355767156249999 0.22777777656249998
0 0.7811032625000001 0.211111109375 0.783379590625 0.21805555625 0.795899390625 0.22222222343750003 0.8038665375 0.22222222343750003 0.7993138828124999 0.20555555625 0.7811032625000001 0.211111109375
0 0.660457909375 0.3722222234375 0.7093989484375001 0.35 0.7025699671875001 0.3347222234375 0.6456617812500001 0.3291666671875 0.6001352328125 0.33055555625 0.595809853125 0.33055555625 0.56826665 0.35694444375 0.5762337953125 0.373611109375 0.635418309375 0.3777777765625 0.660457909375 0.3722222234375
0 0.6684250546875 0.3097222234375 0.6627342374999999 0.301388890625 0.6320038171875 0.2958333328125 0.6345165921875 0.3 0.6149313609375 0.3166666671875 0.6274511609375 0.325 0.65704341875 0.31805555625 0.6684250546875 0.3097222234375
0 0.5352599015624999 0.23333333281250002 0.5261545921875 0.22777777656249998 0.5147729562500001 0.223611109375 0.48745702656249995 0.2402777765625 0.5079439734375 0.25 0.531845409375 0.24583333281250003 0.5352599015624999 0.23333333281250002
0 0.6206221796875 0.20277777656249998 0.613793196875 0.201388890625 0.5864772671875 0.20277777656249998 0.5921680874999999 0.21527777656249997 0.6172076890625 0.21527777656249997 0.6206221796875 0.20277777656249998