0 0.57109375 0.18984375 0.07734375 0.03984375
0 0.52890625 0.1234375 0.06640625 0.03984375
0 0.5890625 0.44140625 0.08671875 0.08984375
0 0.728125 0.38828125 0.109375 0.08984375
0 0.82421875 0.73828125 0.08671875 0.096875
0 0.47734375 0.61171875 0.10078125 0.08359375
0 0.3265625 0.33203125 0.04140625 0.03671875
0 0.2953125 0.3 0.0390625 0.03984375
0 0.24296875 0.4265625 0.084375 0.0734375
0 0.2328125 0.56640625 0.09609375 0.11328125
0 0.250420446875 0.61944444375 0.2627843359375 0.6041666671875 0.2741971546875 0.5666666671875 0.26944181562499997 0.538888890625 0.250420446875 0.525 0.2275948078125 0.5152777765625001 0.200013828125 0.538888890625 0.1943074171875 0.588888890625 0.21332878593750002 0.6125 0.250420446875 0.61944444375
0 0.2627843359375 0.461111109375 0.2751482234375 0.45555555625000005 0.2770503609375 0.4375 0.26088220156249997 0.4166666671875 0.24281190156250002 0.411111109375 0.20857344218749999 0.436111109375 0.218084125 0.45555555625000005 0.239958696875 0.461111109375 0.2627843359375 0.461111109375
0 0.34172300624999996 0.3375 0.334114459375 0.31805555625 0.3179462984375 0.325 0.3179462984375 0.34027777656249997 0.3360165953125 0.3458333328125 0.34172300624999996 0.3375
0 0.3074845484375 0.3166666671875 0.314142025 0.311111109375 0.3112888203125 0.29305555625 0.2990481125 0.2833333328125 0.28275677187500003 0.29444444375 0.2789524984375 0.3083333328125 0.28560997499999996 0.3152777765625 0.3074845484375 0.3166666671875
0 0.5699794 0.20555555625 0.5899518328125 0.20555555625 0.601364653125 0.1972222234375 0.6042178578125 0.1847222234375 0.5928050390624999 0.17638889062500002 0.5595176484375 0.1777777765625 0.5443005546874999 0.186111109375 0.54144735 0.1972222234375 0.5699794 0.20555555625
0 0.55476230625 0.1347222234375 0.5604687171875 0.11944444375 0.5576155109375 0.113888890625 0.5245047328125 0.10555555624999999 0.5034046171875 0.1222222234375 0.5110131640625 0.1375 0.5328877359375 0.1402777765625 0.55476230625 0.1347222234375
0 0.745927034375 0.4375 0.7678016046875 0.436111109375 0.775410153125 0.4097222234375 0.774459084375 0.3708333328125 0.740220625 0.35694444375 0.729758875 0.35555555625 0.71073750625 0.34722222343750003 0.678401184375 0.3777777765625 0.6841075953125 0.4166666671875 0.7059821671875001 0.4347222234375 0.745927034375 0.4375
0 0.5576155109375 0.475 0.5614197828124999 0.488888890625 0.6070710609375001 0.47777777656250003 0.62038601875 0.475 0.63465204375 0.475 0.63274990625 0.42777777656250005 0.6270434984375 0.41527777656250003 0.6042178578125 0.40694444374999994 0.5614197828124999 0.40416666718750005 0.5566644421875 0.43055555625 0.5576155109375 0.45555555625000005 0.5576155109375 0.475
0 0.8324742515624999 0.7833333328125 0.852446684375 0.773611109375 0.8572020281249999 0.748611109375 0.8562509593750001 0.7041666671875 0.8457892078125001 0.6972222234375 0.8105996796875001 0.6944444437499999 0.787774040625 0.7333333328125 0.8020400640625001 0.776388890625 0.8163060890624999 0.7833333328125 0.8324742515624999 0.7833333328125
0 0.50245355 0.661111109375 0.5195727781249999 0.636111109375 0.505306753125 0.5902777765625 0.49008966249999997 0.58194444375 0.47106829375 0.58055555625 0.44253624687500004 0.6097222234374999 0.4368298359375 0.64444444375 0.4663129546875 0.66944444375 0.50245355 0.661111109375