0 0.525 0.553125 0.2890625 0.1203125
0 0.54453125 0.81171875 0.896875 0.31640625
0 0.08203125 0.64140625 0.1640625 0.11640625
0 0.803125 0.478125 0.140625 0.03671875
0 0.7546875 0.3984375 0.18984375 0.0296875
0 0.080478596875 0.7597222234375 0.1499065828125 0.8361111093750001 0.213467415625 0.85694444375 0.28582897812499997 0.9013888906249999 0.3640576953125 0.9222222234374999 0.4608657328125 0.9402777765625 0.5302937187500001 0.9597222234375 0.6016774218750001 0.9736111093750001 0.686751153125 0.9763888906249999 0.721954075 0.9583333328125001 0.940016621875 0.94305555625 0.980108840625 0.8972222234375 0.978153121875 0.8347222234375 0.9204594437500001 0.8055555562500001 0.8559207531249999 0.7819444437499999 0.82365140625 0.7472222234375 0.7561791390625 0.7347222234374999 0.686751153125 0.7208333328125 0.662304678125 0.6916666671875 0.66132681875 0.6708333328125 0.6134117296875 0.6569444437499999 0.5420280265625 0.66805555625 0.5087808218750001 0.6666666671875 0.47455575781250003 0.675 0.4442421296875 0.7041666671875 0.3992606171875 0.726388890625 0.345478375 0.7152777765625 0.33877090625 0.7 0.2868068375 0.69305555625 0.189020940625 0.7097222234375 0.0990579171875 0.726388890625 0.080478596875 0.7597222234375
0 0.50584724375 0.6097222234374999 0.5586516296874999 0.60555555625 0.6163453078125001 0.5944444437499999 0.6574153828125 0.5833333328125 0.6544818078125 0.5597222234375 0.6388360640624999 0.551388890625 0.6153674484375 0.54305555625 0.5635409218749999 0.54305555625 0.5166036921875 0.54305555625 0.484334346875 0.5472222234374999 0.4530428609375 0.5555555562500001 0.4336457109375 0.55694444375 0.4041499125 0.586111109375 0.4149063609375 0.61944444375 0.452065003125 0.6208333328125 0.50584724375 0.6097222234374999
0 0.018873481249999997 0.6944444437499999 0.0403863796875 0.6875 0.07461144374999999 0.673611109375 0.1059029296875 0.673611109375 0.13132726249999999 0.6777777765625 0.1596851734375 0.6652777765625 0.16066303125 0.63055555625 0.15381801875 0.6097222234374999 0.116659378125 0.611111109375 0.078522878125 0.6083333328125 0.054076403125000005 0.5944444437499999 0.021869496874999998 0.5972222234375 0.0032277390625 0.6 0.0071391734375 0.6944444437499999 0.018873481249999997 0.6944444437499999
0 0.4364192578125 0.5583333328125 0.527360140625 0.54305555625 0.5938545515625 0.5458333328125 0.64763679375 0.551388890625 0.6329689078125 0.536111109375 0.62710175625 0.5305555562500001 0.5733195140625 0.5319444437499999 0.504869384375 0.526388890625 0.46184359218750004 0.5208333328125 0.42370709218749997 0.5125 0.3992606171875 0.5041666671875 0.375792003125 0.511111109375 0.4012163359375 0.55694444375 0.3992606171875 0.563888890625 0.40610563125 0.5833333328125 0.4364192578125 0.5583333328125
0 0.7552012796875001 0.49583333281249997 0.7913820609375 0.5027777765625 0.8392971499999999 0.5041666671875 0.8705886359375 0.486111109375 0.86178790625 0.476388890625 0.8344078546875 0.48194444374999995 0.7544594828125 0.4652777765625 0.743466971875 0.47083333281249995 0.74053339375 0.4847222234375 0.7552012796875001 0.49583333281249997
0 0.7493341265625 0.4097222234375 0.761068434375 0.4097222234375 0.7972492156250001 0.4097222234375 0.81680639375 0.411111109375 0.8324521390624999 0.4125 0.8441864453125 0.40694444374999994 0.8353857140625 0.401388890625 0.8099613796874999 0.401388890625 0.787470625 0.4027777765625 0.7688913046875 0.398611109375 0.7336883828125 0.39305555625 0.7121754859375 0.3875 0.6877290125 0.3958333328125 0.677950421875 0.398611109375 0.6720832671875 0.39027777656249996 0.66817183125 0.4027777765625 0.7023968968750001 0.40555555625000006 0.71999835625 0.40416666718750005 0.7493341265625 0.4097222234375