0 0.303125 0.0765625 0.1390625 0.06640625
0 0.496875 0.50390625 0.40390625 0.35546875
0 0.71484375 0.53984375 0.165625 0.16796875
0 0.73984375 0.321875 0.05703125 0.040625
0 0.78046875 0.12265625 0.121875 0.15703125
0 0.14453125 0.2953125 0.125 0.08203125
0 0.353125 0.01640625 0.05 0.0328125
0 0.3616752796875 0.7111111109375 0.4061056625 0.6388888890625 0.4644205421875 0.577777778125 0.5171816234375 0.577777778125 0.56438890625 0.525 0.6643572703125 0.4583333328125 0.6921262609375 0.4 0.653249675 0.33888888906250003 0.5810503 0.352777778125 0.47830503750000003 0.3861111109375 0.40332876406249996 0.45277777812500003 0.34223698593749996 0.497222221875 0.3616752796875 0.522222221875 0.381113571875 0.5666666671875 0.309375 0.6638888890625 0.30613729843750004 0.6583333328125 0.308914196875 0.702777778125 0.3616752796875 0.7111111109375
0 0.7698794328125 0.5916666671875 0.7698794328125 0.5611111109375 0.694903159375 0.597222221875 0.731002846875 0.5527777781250001 0.77543323125 0.50555555625 0.764325634375 0.47222222187499996 0.70601075625 0.522222221875 0.6427083328125 0.5833333328125 0.6393651796875 0.597222221875 0.67268796875 0.627777778125 0.7698794328125 0.5916666671875
0 0.7559949390625 0.16388888906250001 0.7532180390625001 0.20277777812500003 0.8087560187499999 0.16944444375 0.8309712109375 0.1111111109375 0.822640515625 0.077777778125 0.7865408281249999 0.055555556250000006 0.781597221875 0.0888888890625 0.792094625 0.0916666671875 0.8004253218749999 0.13055555624999998 0.7559949390625 0.16388888906250001
0 0.3366831875 0.055555556250000006 0.24504551874999997 0.061111110937500004 0.2954861109375 0.0888888890625 0.3116910953125 0.10555555624999999 0.35612148125 0.0888888890625 0.3366831875 0.055555556250000006
0 0.13119266093749998 0.3333333328125 0.186730640625 0.3166666671875 0.19228443906249998 0.272222221875 0.1177083328125 0.27777777812500004 0.10620056874999999 0.302777778125 0.097869871875 0.3333333328125 0.13119266093749998 0.3333333328125