0 0.33359375 0.8296875 0.2828125 0.3265625
0 0.1625 0.453125 0.325 0.2203125
0 0.37890625 0.4546875 0.10234375 0.08984375
0 0.6328125 0.63515625 0.2953125 0.23671875
0 0.63984375 0.43203125 0.2703125 0.1296875
0 0.6796875 0.31171875 0.1453125 0.0703125
0 0.45859375 0.28984375 0.12734375 0.053125
0 0.9578125 0.59296875 0.0796875 0.10703125
0 0.011761246875 0.5597222234375 0.0252997046875 0.55694444375 0.049252359375 0.5458333328125 0.067997915625 0.538888890625 0.10653044687499999 0.5291666671875 0.1252760046875 0.5222222234375 0.16589137812500002 0.526388890625 0.19609255 0.5152777765625001 0.19609255 0.54305555625 0.25024637968749996 0.5222222234375 0.31481440781250003 0.5277777765625 0.326270025 0.5 0.3221043453125 0.45 0.2950274296875 0.4291666671875 0.2804475546875 0.3875 0.241915021875 0.35694444375 0.191926871875 0.3527777765625 0.156518596875 0.35972222343750004 0.1169446453125 0.3583333328125 0.07320501562500001 0.363888890625 0.040921003125 0.38194444375000003 0.007666015625 0.388888890625 0.0044713078125 0.39305555625 0.0003056296875 0.561111109375 0.011761246875 0.5597222234375
0 0.241915021875 0.9416666671874999 0.291903171875 0.988888890625 0.374175334375 0.9986111093750001 0.39083805312500003 0.9736111093750001 0.428329165625 0.9527777765625001 0.4439504625 0.925 0.45436465937500004 0.9111111093750001 0.465820278125 0.8833333328125 0.4574889171875 0.8430555562500001 0.41583212812500003 0.8333333328125001 0.3752167546875 0.8027777765625 0.368968234375 0.773611109375 0.36584397812499997 0.7347222234374999 0.324187184375 0.713888890625 0.310648728125 0.688888890625 0.27211619531250003 0.6902777765625 0.23774934218750002 0.7041666671875 0.2127552671875 0.7347222234374999 0.2075481671875 0.7847222234375 0.22849935000000002 0.8416666671874999 0.231500821875 0.86944444375 0.21483810781249998 0.9041666671874999 0.241915021875 0.9416666671874999
0 0.5532995406250001 0.6847222234375 0.5699622578125 0.7152777765625 0.598080590625 0.7430555562500001 0.6282817656249999 0.751388890625 0.6720213953124999 0.7416666671875001 0.7220095453125001 0.7125 0.7136781875 0.663888890625 0.7147196078125 0.623611109375 0.7574178203125 0.6208333328125 0.7772047953125 0.5972222234375 0.7928260921875 0.586111109375 0.810530228125 0.5875 0.8094888078125001 0.563888890625 0.7719976953125001 0.561111109375 0.733465165625 0.5472222234374999 0.6938912125 0.5402777765625 0.6574415203124999 0.5541666671875001 0.6220332453124999 0.5694444437499999 0.5897492328125 0.576388890625 0.565796578125 0.5583333328125 0.5345539828125 0.5402777765625 0.50974935 0.5319444437499999 0.48769009218750003 0.5833333328125 0.535595403125 0.601388890625 0.5532995406250001 0.638888890625 0.5532995406250001 0.6847222234375
0 0.3575126171875 0.49305555625 0.3887552125 0.49027777656250005 0.40750076718750006 0.48333333281249996 0.428329165625 0.4652777765625 0.428329165625 0.4375 0.424163484375 0.4222222234375 0.399169409375 0.41944444374999995 0.368968234375 0.41805555625 0.34293274218750003 0.42777777656250005 0.34099935000000003 0.45972222343749997 0.336684221875 0.46805555625000006 0.34293274218750003 0.4847222234375 0.3575126171875 0.49305555625
0 0.523098365625 0.4583333328125 0.5210155249999999 0.475 0.5439267625 0.4972222234375 0.6001634296875 0.4972222234375 0.641820221875 0.48194444374999995 0.7438793625 0.4652777765625 0.7897018328125001 0.45555555625000005 0.7719976953125001 0.43055555625 0.7345065828124999 0.4222222234375 0.6834770125 0.423611109375 0.641820221875 0.41805555625 0.6095362078125001 0.44166666718750003 0.6178675671875 0.413888890625 0.6053705296875 0.3791666671875 0.5543409593749999 0.3875 0.5178912671875 0.40555555625000006 0.5210155249999999 0.4347222234375 0.5772521953124999 0.44166666718750003 0.5699622578125 0.45555555625000005 0.548092440625 0.44722222343749995 0.523098365625 0.4583333328125
0 0.481441575 0.3152777765625 0.5158084281249999 0.30555555624999997 0.504352809375 0.286111109375 0.4637374375 0.28055555625 0.4335362625 0.2791666671875 0.4147907078125 0.276388890625 0.403335090625 0.2875 0.4179149671875 0.301388890625 0.441867621875 0.311111109375 0.481441575 0.3152777765625
0 0.611619046875 0.34027777656249997 0.6272403453125001 0.338888890625 0.6449444828125 0.3416666671875 0.673062815625 0.35 0.7126367671875 0.3416666671875 0.7470036203125 0.3222222234375 0.7428379421875 0.29444444375 0.720968128125 0.2902777765625 0.6928497921875 0.2902777765625 0.6553586796875 0.28194444375 0.654541015625 0.2833333328125 0.6282817656249999 0.288888890625 0.6189089875 0.298611109375 0.6053705296875 0.3222222234375 0.611619046875 0.34027777656249997
0 0.9657017781249999 0.5875 0.9636189375 0.598611109375 0.946956221875 0.6083333328125 0.933417765625 0.6208333328125 0.9427905421875 0.6375 0.960494678125 0.64305555625 0.974033134375 0.64444444375 0.990695853125 0.64444444375 0.9990272093750001 0.64444444375 0.992041015625 0.561111109375 0.956329 0.5541666671875001 0.9323763453125 0.5625 0.954246159375 0.58055555625 0.9657017781249999 0.5875