0 0.23515625 0.7015625 0.0765625 0.08984375
0 0.38671875 0.61484375 0.18359375 0.1703125
0 0.49609375 0.9 0.178125 0.153125
0 0.6015625 0.58359375 0.04296875 0.03984375
0 0.54296875 0.25703125 0.0765625 0.0265625
0 0.21753083125 0.7597222234375 0.23472500312500003 0.7652777765625001 0.2472298578125 0.761111109375 0.2581716015625 0.75555555625 0.27067645625000003 0.738888890625 0.2722395625 0.69305555625 0.26989490312500003 0.6722222234374999 0.255045390625 0.6555555562500001 0.2425405359375 0.6555555562500001 0.21049685 0.6652777765625 0.2018997640625 0.6944444437499999 0.2018997640625 0.7277777765625 0.20580753125 0.7472222234375 0.21753083125 0.7597222234375
0 0.4340211 0.95694444375 0.4543414859375 0.9638888906249999 0.47231721249999997 0.9722222234375 0.4957638109375 0.98194444375 0.516084196875 0.988888890625 0.549690990625 0.99444444375 0.564540503125 0.99444444375 0.582516228125 0.9791666671874999 0.592676421875 0.95555555625 0.5895502078125 0.9208333328125 0.570792928125 0.8916666671875 0.5606327359375001 0.8666666671875 0.5442201156250001 0.85 0.5278074968750001 0.8375 0.5090502171875 0.825 0.487948278125 0.8222222234375 0.4715356578125 0.8222222234375 0.451996825 0.8375 0.4254240125 0.8652777765625 0.411356053125 0.9 0.4152638203125 0.9291666671875 0.4340211 0.95694444375
0 0.3191327625 0.663888890625 0.336326934375 0.6791666671875001 0.3675890671875 0.7 0.38790945468750004 0.713888890625 0.402758965625 0.7180555562500001 0.41995313906250004 0.7152777765625 0.4457444 0.7 0.45981235781249996 0.6902777765625 0.4645016796875 0.68194444375 0.4645016796875 0.6472222234375 0.466064784375 0.6180555562500001 0.47622497812500003 0.586111109375 0.47466187031249996 0.5722222234375 0.45043371875 0.5527777765625 0.43871041875000005 0.538888890625 0.4301133328125 0.536111109375 0.3949434328125 0.54444444375 0.3777492609375 0.548611109375 0.3434641765625 0.5791666671875 0.30897256875 0.6097222234374999 0.2917783953125 0.64305555625 0.308191015625 0.6555555562500001 0.3191327625 0.663888890625
0 0.6215938953125 0.5875 0.6114337015625 0.5666666671875 0.593457975 0.56805555625 0.5840793359374999 0.588888890625 0.591113315625 0.6125 0.6255016609374999 0.6083333328125 0.6215938953125 0.5875
0 0.5473463296875 0.5222222234375 0.5723560359375 0.525 0.5856424421875001 0.523611109375 0.5840793359374999 0.5027777765625 0.5629773953125 0.488888890625 0.5465647765625 0.486111109375 0.52858905 0.48333333281249996 0.5052840640625 0.475 0.48872983124999997 0.498611109375 0.5067055578125 0.51805555625 0.5293706046875 0.5208333328125 0.5473463296875 0.5222222234375
0 0.5348414765625 0.2722222234375 0.554380309375 0.275 0.56532205625 0.275 0.5590696296875 0.25694444375000003 0.554380309375 0.2527777765625 0.5521883796875 0.25 0.51530264375 0.251388890625 0.5090502171875 0.25 0.516084196875 0.2722222234375 0.5348414765625 0.2722222234375