0 0.31328125 0.46171875 0.3359375 0.38984375
0 0.66328125 0.74140625 0.36171875 0.51015625
0 0.76640625 0.4484375 0.0609375 0.103125
0 0.7234375 0.28828125 0.0828125 0.103125
0 0.659375 0.35 0.09140625 0.146875
0 0.57578125 0.1234375 0.0703125 0.11328125
0 0.4671875 0.04140625 0.09453125 0.05
0 0.321875 0.08203125 0.0515625 0.06328125
0 0.2490516171875 0.355 0.21699814687500002 0.38166666718750003 0.1834183203125 0.42833333281249997 0.1414435375 0.5283333328125 0.150601671875 0.6183333328125 0.178839253125 0.64 0.2047873 0.6533333328125 0.2177613234375 0.6483333328125 0.2253931015625 0.6599999999999999 0.22081403437499997 0.7116666671874999 0.3108690234375 0.6683333328125001 0.35131745 0.665 0.39634494375 0.6683333328125001 0.42610888124999996 0.6599999999999999 0.43450383593749997 0.5866666671874999 0.44060925937500006 0.5366666671875 0.460451884375 0.5083333328124999 0.47418908593750003 0.48 0.4856367546875 0.4266666671875 0.4825840421875 0.34500000000000003 0.4673204859375 0.3283333328125 0.43526701562500003 0.3083333328125 0.4215298140625 0.2983333328125 0.4093189671875 0.2883333328125 0.40626625625 0.2733333328125 0.41847710156250006 0.24500000000000002 0.41847710156250006 0.24 0.4100821453125 0.2233333328125 0.39558176718750004 0.2116666671875 0.381844565625 0.21000000000000002 0.36123876250000003 0.2166666671875 0.342159315625 0.2366666671875 0.342159315625 0.3083333328125 0.3200271578125 0.3366666671875 0.3017108890625 0.34500000000000003 0.27728919687500003 0.3416666671875 0.2490516171875 0.355
0 0.53295378125 0.8516666671875001 0.5962975453125 0.9116666671875 0.62606148125 0.9949999999999999 0.7832761203125 0.9949999999999999 0.7848024765625 0.9766666671875001 0.8092241671875 0.925 0.809987346875 0.8766666671875001 0.8000660328125001 0.8216666671875 0.781749765625 0.7366666671875 0.7611439640625 0.6616666671875 0.7435908718750001 0.6116666671875 0.6955106671875 0.5700000000000001 0.6565885953125 0.5616666671874999 0.615376990625 0.5416666671875 0.5940080109375 0.505 0.5650072515625 0.4933333328125 0.5352433140625 0.51 0.5131111578125 0.5633333328125001 0.497084421875 0.5733333328125 0.48500715781250003 0.6316666671875 0.49174217656249997 0.7216666671875 0.5001371328124999 0.805 0.53295378125 0.8516666671875001
0 0.7886183671875 0.4933333328125 0.78938154375 0.44666666718750003 0.773354809375 0.41500000000000004 0.756564896875 0.41166666718749995 0.7376789125000001 0.4266666671875 0.7489331171875 0.48 0.7687757421875 0.49000000000000005 0.7855656546875001 0.5 0.7886183671875 0.4933333328125
0 0.7580912515625 0.35 0.7664862078125 0.33166666718750004 0.761907140625 0.2766666671875 0.7558017171875 0.2683333328125 0.7170682265625 0.2483333328125 0.69627384375 0.2633333328125 0.6947474890625001 0.2966666671875 0.7100110453124999 0.32 0.7580912515625 0.35
0 0.7039056234375 0.38333333281250004 0.7008529109375 0.33999999999999997 0.6909316 0.3016666671875 0.6497199953125 0.2666666671875 0.635219615625 0.2783333328125 0.6046925 0.33166666718750004 0.6199560578125001 0.39 0.69245795625 0.4216666671875 0.7039056234375 0.38333333281250004
0 0.5062425562499999 0.2416666671875 0.5115848015625 0.2633333328125 0.515400690625 0.2783333328125 0.532190603125 0.29 0.5512700500000001 0.2983333328125 0.5772180984374999 0.2966666671875 0.591718478125 0.2833333328125 0.6001134328125 0.2833333328125 0.6054556796874999 0.2666666671875 0.6031661453125 0.2366666671875 0.598587078125 0.1933333328125 0.590192121875 0.1716666671875 0.5741653859375 0.185 0.5589018296875 0.195 0.5558491171875 0.2233333328125 0.5520332296875 0.2266666671875 0.5260851796875 0.21833333281249998 0.5062425562499999 0.2416666671875
0 0.6123242796875 0.1566666671875 0.606982034375 0.13 0.606982034375 0.10500000000000001 0.6054556796874999 0.0783333328125 0.5863762328125001 0.0716666671875 0.5703494984375 0.0716666671875 0.5543227625 0.0733333328125 0.5444014484374999 0.0966666671875 0.5405855609375 0.12166666718750001 0.5543227625 0.1433333328125 0.580270809375 0.16 0.598587078125 0.17333333281250002 0.6115611015625 0.1766666671875 0.6123242796875 0.1566666671875
0 0.30323724375 0.07666666718750001 0.3009477109375 0.08499999999999999 0.2986581765625 0.095 0.29942135625 0.1116666671875 0.31621126875 0.1183333328125 0.33452753749999997 0.12 0.349027915625 0.0983333328125 0.3467383828125 0.0666666671875 0.33452753749999997 0.0516666671875 0.323843046875 0.05500000000000001 0.315448090625 0.065 0.30323724375 0.07666666718750001
0 0.4482410375 0.0816666671875 0.4749522640625 0.0816666671875 0.5024266671875 0.0816666671875 0.513874334375 0.08 0.5192165796875 0.075 0.5176902250000001 0.058333332812500006 0.49479488906249997 0.0283333328125 0.478004975 0.0183333328125 0.450530571875 0.02 0.4192402796875 0.025 0.4146612125 0.0516666671875 0.41313485625 0.0783333328125 0.4482410375 0.0816666671875