0 0.40234375 0.61484375 0.71484375 0.45703125
0 0.6203125 0.21796875 0.11484375 0.05
0 0.6015625 0.34140625 0.10234375 0.05
0 0.83984375 0.31640625 0.11484375 0.046875
0 0.4546875 0.13671875 0.0984375 0.05625
0 0.58671875 0.09609375 0.09375 0.05
0 0.17578125 0.22578125 0.3515625 0.16015625
0 0.5543409593749999 0.373611109375 0.5074770671875 0.3722222234375 0.4335362625 0.4 0.368968234375 0.4 0.315855828125 0.40555555625000006 0.14506297968749998 0.436111109375 0.13464878281249998 0.4972222234375 0.1513115 0.5458333328125 0.0346724828125 0.6152777765625 0.035713903125 0.6875 0.0044713078125 0.761111109375 0.029465382812500003 0.786111109375 0.078412115625 0.81805555625 0.1586014375 0.8472222234375 0.2648262578125 0.8611111093750001 0.3887552125 0.8652777765625 0.4595717578125 0.8291666671875 0.5460096 0.8083333328125001 0.676187075 0.725 0.7230509656249999 0.688888890625 0.7574178203125 0.661111109375 0.7803290546875 0.613888890625 0.748045040625 0.58055555625 0.711595346875 0.5541666671875001 0.726175225 0.5152777765625001 0.703263990625 0.48333333281249996 0.6636900375 0.448611109375 0.6626486171875 0.4347222234375 0.6397373828124999 0.39444444375 0.5543409593749999 0.373611109375
0 0.783453315625 0.326388890625 0.8074059703125 0.34027777656249997 0.8532284406249999 0.34722222343750003 0.895926653125 0.3375 0.8938438124999999 0.3097222234375 0.8649576828125 0.298611109375 0.7990746093750001 0.298611109375 0.783453315625 0.3083333328125 0.783453315625 0.326388890625
0 0.5428853421875 0.3583333328125 0.566837996875 0.3708333328125 0.5835007125 0.376388890625 0.6282817656249999 0.40694444374999994 0.6522344203125 0.40833333281249995 0.6709799750000001 0.40555555625000006 0.6886841125000001 0.3916666671875 0.7199267078125 0.3458333328125 0.6949326328125001 0.3291666671875 0.6668142968749999 0.3347222234375 0.641820221875 0.325 0.6199504078125 0.31944444375000003 0.5887078125 0.3222222234375 0.566837996875 0.32777777656249996 0.548092440625 0.338888890625 0.5428853421875 0.3583333328125
0 0.1898440328125 0.2416666671875 0.2596191578125 0.21944444375 0.306483046875 0.21805555625 0.3502226796875 0.2166666671875 0.386672371875 0.20972222343750002 0.404376509375 0.19583333281249998 0.4147907078125 0.17916666718750002 0.40750076718750006 0.1583333328125 0.3648025578125 0.1625 0.3335599625 0.15694444375 0.2929445921875 0.15694444375 0.2387907625 0.15694444375 0.173181315625 0.163888890625 0.09299199062499999 0.1652777765625 0.036755321875000004 0.1722222234375 0.0044713078125 0.1722222234375 0.005512728125 0.323611109375 0.055500878125 0.3125 0.0721635953125 0.29722222343750004 0.10861328750000002 0.2833333328125 0.1586014375 0.28055555625 0.18880261250000002 0.273611109375 0.1898440328125 0.2416666671875
0 0.478317315625 0.1277777765625 0.47415163437499996 0.1277777765625 0.47102737499999997 0.1222222234375 0.465820278125 0.1152777765625 0.4574889171875 0.113888890625 0.4501989796875 0.113888890625 0.4397847828125 0.113888890625 0.43145342500000006 0.113888890625 0.428329165625 0.11944444375 0.4272877453125 0.1375 0.426246325 0.1597222234375 0.428329165625 0.163888890625 0.448116140625 0.1666666671875 0.45037435 0.15 0.48456583281250004 0.1472222234375 0.50122855 0.1458333328125 0.49393861250000004 0.126388890625 0.478317315625 0.1277777765625
0 0.60641195 0.08055555625000001 0.5720450953125 0.073611109375 0.561630896875 0.0777777765625 0.5439267625 0.08333333281250001 0.540802503125 0.0902777765625 0.5449681796875 0.1125 0.5512167 0.123611109375 0.5751693546875 0.125 0.579335034375 0.1166666671875 0.5899576828125 0.0972222234375 0.615784728125 0.0916666671875 0.6334888624999999 0.09305555625 0.6324474453125 0.0791666671875 0.60641195 0.08055555625000001
0 0.59599775 0.24583333281250003 0.615784728125 0.248611109375 0.6459859 0.251388890625 0.660565778125 0.251388890625 0.6751456546875 0.251388890625 0.6897255328125 0.24722222343750003 0.698056890625 0.2416666671875 0.6834770125 0.21805555625 0.674104234375 0.211111109375 0.6584829375 0.20277777656249998 0.635571703125 0.1972222234375 0.6178675671875 0.19444444375 0.58787435 0.1972222234375 0.571003675 0.20555555625 0.5720450953125 0.225 0.5803764546875 0.23888889062500002 0.59599775 0.24583333281250003