0 0.05703125 0.4546875 0.1109375 0.0703125
0 0.36640625 0.43828125 0.05078125 0.04296875
0 0.575 0.246875 0.084375 0.06015625
0 0.66796875 0.31015625 0.08984375 0.03359375
0 0.6265625 0.36796875 0.05234375 0.0296875
0 0.528125 0.303125 0.05078125 0.03359375
0 0.4953125 0.5703125 0.0859375 0.06640625
0 0.40625 0.65859375 0.159375 0.11015625
0 0.62265625 0.5296875 0.0453125 0.03359375
0 0.678125 0.66171875 0.20078125 0.08984375
0 0.7 0.85 0.1765625 0.18671875
0 0.74921875 0.53984375 0.121875 0.1
0 0.40859375 0.27421875 0.0421875 0.05234375
0 0.74609375 0.44765625 0.0703125 0.0625
0 0.619249234375 0.9097222234375 0.6317540875 0.9333333328125001 0.6911521406250001 0.93194444375 0.7294482515625 0.93194444375 0.7661812593749999 0.9361111093750001 0.787283196875 0.91944444375 0.7825938781249999 0.875 0.760710384375 0.8583333328125 0.7474239796875 0.8 0.7302298046875 0.7722222234375 0.6833366062499999 0.7652777765625001 0.6639769984375 0.7708333328125 0.6598900078125001 0.8055555562500001 0.6200307875 0.8152777765625 0.6215938953125 0.8527777765625 0.619249234375 0.9097222234375
0 0.77165213125 0.7083333328125 0.7779045578125 0.6944444437499999 0.7755598984375001 0.6625 0.7614919375 0.64444444375 0.74507931875 0.625 0.70053078125 0.623611109375 0.663016221875 0.63055555625 0.6270647671875 0.6291666671875 0.5918948687500001 0.6402777765625001 0.5832977828125 0.6722222234374999 0.6051812765625 0.6958333328124999 0.6255016609374999 0.6958333328124999 0.7310113578124999 0.7125 0.77165213125 0.7083333328125
0 0.44339973906249996 0.625 0.41604537343750003 0.6166666671875001 0.3793123671875 0.61944444375 0.3613366390625 0.6458333328125 0.3410162546875 0.6569444437499999 0.3308560625 0.68194444375 0.3441424671875 0.6972222234375 0.3566473203125 0.7180555562500001 0.42229780000000006 0.7222222234375 0.4466536703125 0.7125 0.48013274531250005 0.7083333328125 0.48247740468750006 0.6597222234375 0.4715356578125 0.6375 0.44339973906249996 0.625
0 0.4957638109375 0.6097222234374999 0.514521090625 0.611111109375 0.5278074968750001 0.611111109375 0.5348414765625 0.598611109375 0.53874924375 0.575 0.5317152625 0.551388890625 0.5137395359375 0.5472222234374999 0.49498225781249994 0.5472222234374999 0.47948669062500004 0.551388890625 0.4590308046875 0.563888890625 0.45981235781249996 0.5972222234375 0.47622497812500003 0.6097222234374999 0.4957638109375 0.6097222234374999
0 0.6215938953125 0.55694444375 0.6364434078125 0.5555555562500001 0.642695834375 0.548611109375 0.6434773890625001 0.5319444437499999 0.624720109375 0.51805555625 0.6020550625000001 0.5319444437499999 0.602836615625 0.55 0.614559915625 0.5555555562500001 0.6215938953125 0.55694444375
0 0.70053078125 0.5416666671875 0.6786472875 0.563888890625 0.6997492265624999 0.5847222234375 0.720851165625 0.5958333328125 0.7411715515624999 0.601388890625 0.7638365984375 0.6041666671875 0.7802492171875001 0.6125 0.7990064968749999 0.63055555625 0.8029142640625 0.501388890625 0.79978805 0.488888890625 0.7622734921875 0.49583333281249997 0.73335601875 0.511111109375 0.7325744656250001 0.5402777765625 0.70053078125 0.5416666671875
0 0.7091278671875 0.48333333281249996 0.7169434 0.49444444374999996 0.7435162125 0.4875 0.759147278125 0.486111109375 0.770089025 0.48333333281249996 0.7739967921875001 0.45694444375 0.7622734921875 0.43333333281249997 0.7372637859375 0.44444444375 0.7153802921875 0.45 0.7075647593750001 0.45416666718750004 0.7091278671875 0.48333333281249996
0 0.652856028125 0.3652777765625 0.64504049375 0.3583333328125 0.6333171953125001 0.35694444375 0.6169045734374999 0.35 0.5997104015625 0.3527777765625 0.5950210828125 0.373611109375 0.6059628296875 0.38055555625 0.6325356421875 0.39027777656249996 0.6466036 0.4 0.6552006859375 0.386111109375 0.652856028125 0.3652777765625
0 0.6340987484375 0.3375 0.652856028125 0.34305555625 0.6723948609375 0.3416666671875 0.6919336921875 0.338888890625 0.712254078125 0.33055555625 0.7145987390624999 0.32083333281250004 0.7091278671875 0.298611109375 0.70053078125 0.29305555625 0.673957965625 0.29305555625 0.6600683046875 0.29444444375 0.6395696203125001 0.2958333328125 0.6278463203125 0.29444444375 0.6208123421875 0.3 0.6340987484375 0.3375
0 0.580953121875 0.26944444375 0.593457975 0.2722222234375 0.6051812765625 0.2597222234375 0.607525934375 0.24583333281250003 0.5895502078125 0.23055555625 0.569229821875 0.236111109375 0.5629773953125 0.24583333281250003 0.5731375890625 0.26527777656249996 0.580953121875 0.26944444375
0 0.52155506875 0.32083333281250004 0.5340599234375001 0.323611109375 0.549690990625 0.31944444375000003 0.5606327359375001 0.313888890625 0.548127884375 0.2902777765625 0.53577186875 0.28472222343750003 0.5113948781250001 0.29305555625 0.50357934375 0.298611109375 0.510613325 0.3125 0.52155506875 0.32083333281250004
0 0.4168269265625 0.2958333328125 0.42386090625 0.2902777765625 0.4254240125 0.28055555625 0.4144822671875 0.263888890625 0.3886910078125 0.2708333328125 0.39025411249999997 0.2875 0.401195859375 0.29444444375 0.4168269265625 0.2958333328125
0 0.45981235781249996 0.336111109375 0.4527783796875 0.3333333328125 0.44730750468749997 0.3347222234375 0.44808905781249997 0.348611109375 0.45824925156249996 0.351388890625 0.46215701875 0.34722222343750003 0.45981235781249996 0.336111109375
0 0.3832201328125 0.4583333328125 0.391035665625 0.451388890625 0.3925987734375 0.438888890625 0.3886910078125 0.425 0.3785308140625 0.41805555625 0.37305994062500003 0.41805555625 0.3613366390625 0.4222222234375 0.3496133421875 0.438888890625 0.35899198125 0.45694444375 0.369933728125 0.4583333328125 0.3832201328125 0.4583333328125
0 0.0080745421875 0.451388890625 0.0026036671875 0.46944444374999994 0.004166775 0.4916666671875 0.0135454140625 0.5 0.0221425015625 0.5 0.051059973437499996 0.49583333281249997 0.066691040625 0.49305555625 0.0831036609375 0.486111109375 0.1002978328125 0.48194444374999995 0.11045802656249999 0.475 0.11514734687499999 0.45972222343749997 0.11592889843750001 0.43055555625 0.10576870468749999 0.42777777656250005 0.08232210625 0.423611109375 0.0542209 0.43194444374999996 0.03777356875 0.4402777765625 0.0221425015625 0.45 0.0080745421875 0.451388890625