0 0.2640625 0.38359375 0.303125 0.19296875
0 0.68203125 0.2265625 0.35703125 0.06015625
0 0.69453125 0.171875 0.24921875 0.0296875
0 0.6109375 0.396875 0.303125 0.09296875
0 0.61484375 0.71328125 0.6625 0.346875
0 0.3975179125 0.5583333328125 0.3221486546875 0.6097222234374999 0.308908109375 0.70555555625 0.343537228125 0.8083333328125001 0.4168694765625 0.863888890625 0.4861277140625 0.8722222234375 0.5533489406250001 0.8833333328125 0.6714953421875001 0.8875 0.727513034375 0.8722222234375 0.8426039265625 0.83055555625 0.9301952218749999 0.8097222234375 0.9536208046875 0.74444444375 0.9230657000000001 0.675 0.872140525 0.5916666671875 0.8377744249999999 0.56805555625 0.7713086828125 0.55694444375 0.61649615625 0.5402777765625 0.51362730625 0.5458333328125 0.3975179125 0.5583333328125
0 0.0023385671875 0.4916666671875 0.0176161203125 0.4875 0.06039326406249999 0.47777777656250003 0.146966059375 0.4722222234375 0.206039259375 0.48194444374999995 0.26205695156250003 0.48333333281249996 0.3465927390625 0.46666666718750005 0.418906484375 0.45 0.435202540625 0.3958333328125 0.40668444218750005 0.3347222234375 0.3588147796875 0.3 0.28548253125 0.28194444375 0.20400225156250001 0.29444444375 0.1347440171875 0.326388890625 0.12252197499999999 0.3652777765625 0.009468090625 0.42083333281249996 0.0023385671875 0.4916666671875
0 0.5289048578125 0.451388890625 0.5788115281249999 0.45416666718750004 0.6002001 0.45416666718750004 0.6409402390625 0.45416666718750004 0.7621421515625 0.461111109375 0.7692716765625 0.4222222234375 0.74890160625 0.3722222234375 0.718346503125 0.35972222343750004 0.6714953421875001 0.3527777765625 0.6246441828125 0.351388890625 0.57983003125 0.351388890625 0.5502934296875 0.35 0.50871981875 0.363888890625 0.4586281203125 0.39305555625 0.45659111250000006 0.44305555625000004 0.49529424375 0.4458333328125 0.5289048578125 0.451388890625
0 0.7794567109375 0.21944444375 0.707142965625 0.20555555625 0.6572362953125 0.20555555625 0.6022371078125001 0.20555555625 0.558441459375 0.20694444375 0.5258493468750001 0.211111109375 0.5146458093749999 0.226388890625 0.5441824109375 0.24444444375000002 0.6389032328125 0.25694444375000003 0.7043188406249999 0.2625 0.8151043328125 0.2666666671875 0.8446409312500001 0.25555555625 0.8364929046875 0.23055555625 0.7794567109375 0.21944444375
0 0.6287181984375 0.19305555624999998 0.6613103078125 0.19305555624999998 0.6928839171875001 0.19305555624999998 0.691075159375 0.163888890625 0.6185331640625 0.1597222234375 0.5747375140625001 0.1708333328125 0.5828855421875 0.1916666671875 0.6287181984375 0.19305555624999998
0 0.7835307234375 0.1902777765625 0.797789771875 0.1875 0.7998267796875 0.175 0.7733456890625 0.16944444375 0.753994125 0.16944444375 0.7328437 0.161111109375 0.72649453125 0.18194444375000002 0.7407535796875 0.188888890625 0.7651976625 0.1916666671875 0.7835307234375 0.1902777765625