0 0.2671875 0.60859375 0.20625 0.11640625
0 0.4953125 0.7046875 0.16171875 0.11640625
0 0.36171875 0.871875 0.13828125 0.15703125
0 0.73515625 0.96640625 0.1125 0.06015625
0 0.178125 0.5015625 0.0796875 0.05703125
0 0.0875 0.475 0.08671875 0.05
0 0.36328125 0.446875 0.13125 0.053125
0 0.2515625 0.4453125 0.07734375 0.03671875
0 0.2375 0.4015625 0.04453125 0.0296875
0 0.75625 0.503125 0.0890625 0.03359375
0 0.9640625 0.5296875 0.06796875 0.0734375
0 0.75546875 0.35859375 0.0578125 0.04140625
0 0.1921875 0.28984375 0.07265625 0.06640625
0 0.35390625 0.33828125 0.05078125 0.04375
0 0.26484375 0.29921875 0.05703125 0.08515625
0 0.4453125 0.309375 0.0609375 0.04375
0 0.740625 0.43671875 0.1578125 0.09375
0 0.2939399421875 0.9402777765625 0.3115001796875 0.9527777765625001 0.337840540625 0.9597222234375 0.35149850625 0.95694444375 0.36222976406249996 0.93194444375 0.382716709375 0.9305555562500001 0.3983258125 0.9125 0.40905707031249994 0.8972222234375 0.421739465625 0.8777777765625 0.44027527343750006 0.85555555625 0.4314951546875 0.8263888906249999 0.414910484375 0.8138888906249999 0.40027695156250004 0.8041666671875 0.37588772812500004 0.801388890625 0.3495473671875 0.801388890625 0.3329626984375 0.8055555562500001 0.3105246109375 0.8472222234375 0.3027200609375 0.8819444437499999 0.29784221718750004 0.9013888906249999 0.2939399421875 0.9402777765625
0 0.7973334890625 0.9638888906249999 0.7729442671875 0.9513888906249999 0.7446527703125 0.9458333328125 0.7124589953125 0.9513888906249999 0.70270330625 0.9597222234375 0.687094203125 0.9861111093750001 0.81489373125 0.9986111093750001 0.8109914546875 0.988888890625 0.7973334890625 0.9638888906249999
0 0.4461286890625 0.7347222234374999 0.467591203125 0.7472222234375 0.5017361140625 0.7569444437499999 0.52514976875 0.7666666671875 0.551490128125 0.7708333328125 0.5758793515625 0.7666666671875 0.588561746875 0.7527777765625 0.596366296875 0.7291666671875 0.5856350390625 0.6902777765625 0.56319695625 0.6722222234374999 0.5300276140625 0.661111109375 0.511491803125 0.6555555562500001 0.45897675156249995 0.661111109375 0.429544015625 0.6597222234375 0.418812759375 0.68194444375 0.421739465625 0.7152777765625 0.4461286890625 0.7347222234374999
0 0.37588772812500004 0.58194444375 0.367107609375 0.5541666671875001 0.34857179843749997 0.5527777765625 0.32613371406249997 0.551388890625 0.292964371875 0.55694444375 0.25881946093749997 0.563888890625 0.22662568906249997 0.5708333328124999 0.1944319140625 0.5791666671875 0.1749205359375 0.5916666671875 0.163213709375 0.6180555562500001 0.163213709375 0.64305555625 0.1807739484375 0.6652777765625 0.207114309375 0.676388890625 0.24808820312500002 0.676388890625 0.2949155109375 0.6652777765625 0.33212273125 0.6402777765625001 0.35344964375 0.64305555625 0.38174114062500003 0.611111109375 0.37588772812500004 0.58194444375
0 0.42564174218749995 0.6208333328125 0.44417755000000003 0.6125 0.450030965625 0.5902777765625 0.43539743125 0.5666666671875 0.42076389687500004 0.5472222234374999 0.3983258125 0.561111109375 0.3934479671875 0.5916666671875 0.40515479374999996 0.611111109375 0.42564174218749995 0.6208333328125
0 0.35637635156249997 0.473611109375 0.37881443593749997 0.4847222234375 0.40125252031249997 0.4847222234375 0.4178371890625 0.473611109375 0.42759288125 0.45972222343749997 0.419788328125 0.44722222343749995 0.38857012343749997 0.438888890625 0.3554007828125 0.42777777656250005 0.3251581453125 0.42083333281249996 0.3105246109375 0.43055555625 0.299793353125 0.4375 0.3144268875 0.45555555625000005 0.33588940312500004 0.4625 0.35637635156249997 0.473611109375
0 0.22662568906249997 0.45416666718750004 0.2412592203125 0.4625 0.2597950296875 0.4652777765625 0.2783308390625 0.4625 0.2890620953125 0.4583333328125 0.290037665625 0.4458333328125 0.28613539062500004 0.438888890625 0.26759958125 0.4375 0.2579619203125 0.43194444374999996 0.23833251562500002 0.43055555625 0.2276012546875 0.43055555625 0.2178455671875 0.44166666718750003 0.22662568906249997 0.45416666718750004
0 0.1827250859375 0.5305555562500001 0.20418760156250002 0.526388890625 0.2168699984375 0.513888890625 0.2168699984375 0.49444444374999996 0.209065446875 0.48055555625 0.1905296390625 0.4847222234375 0.1740431046875 0.4916666671875 0.1495557453125 0.50555555625 0.1388244875 0.5222222234375 0.164189278125 0.5305555562500001 0.1827250859375 0.5305555562500001
0 0.1280932296875 0.48055555625 0.12419095312499999 0.46666666718750005 0.11833754062499999 0.4625 0.09882616093749999 0.45555555625000005 0.078339215625 0.451388890625 0.057852268750000005 0.45416666718750004 0.0471210109375 0.46666666718750005 0.0461454421875 0.49583333281249997 0.0919971796875 0.49583333281249997 0.10858185312499999 0.5027777765625 0.12419095312499999 0.4972222234375 0.1280932296875 0.48055555625
0 0.20126089687499998 0.29444444375 0.22467454999999997 0.29305555625 0.2207722734375 0.28194444375 0.2188211359375 0.2666666671875 0.207114309375 0.26527777656249996 0.192480775 0.26527777656249996 0.16623670468750001 0.2666666671875 0.162238140625 0.286111109375 0.1866273625 0.29305555625 0.20126089687499998 0.29444444375
0 0.1876029328125 0.3222222234375 0.22565011875000002 0.325 0.2354058078125 0.31944444375000003 0.2344302390625 0.30555555624999997 0.22369898125 0.30694444375 0.21296772343749998 0.30694444375 0.20418760156250002 0.3027777765625 0.1876029328125 0.288888890625 0.16516484843749998 0.2958333328125 0.1661404171875 0.3097222234375 0.176871675 0.31805555625 0.1876029328125 0.3222222234375
0 0.2627217359375 0.3458333328125 0.2734529953125 0.3416666671875 0.2949155109375 0.3375 0.2958910796875 0.32777777656249996 0.2949155109375 0.3125 0.2890620953125 0.3125 0.2802819765625 0.3125 0.26857515 0.3083333328125 0.26077059999999996 0.3097222234375 0.2500393421875 0.313888890625 0.235518515625 0.3222222234375 0.2324791 0.3416666671875 0.24028365156249998 0.3458333328125 0.2627217359375 0.3458333328125
0 0.2422347890625 0.28472222343750003 0.26077059999999996 0.288888890625 0.2646728734375 0.286111109375 0.2774779234375 0.28055555625 0.291013234375 0.2722222234375 0.26857515 0.2708333328125 0.2490637734375 0.273611109375 0.2422347890625 0.28472222343750003
0 0.4266173109375 0.32777777656249996 0.44320198125 0.325 0.4714934796875 0.31805555625 0.4744201875 0.29722222343750004 0.4627133609375 0.29722222343750004 0.43067854843750003 0.301388890625 0.41393491562499996 0.3125 0.4110082078125 0.32777777656249996 0.4266173109375 0.32777777656249996
0 0.35735191875 0.35694444375 0.3700343140625 0.351388890625 0.37588772812500004 0.3375 0.3729610203125 0.33055555625 0.36027862499999996 0.326388890625 0.34188073281250003 0.3347222234375 0.330035990625 0.3527777765625 0.3339382640625 0.3541666671875 0.35735191875 0.35694444375
0 0.6831919296875 0.43194444374999996 0.6919720484375 0.4402777765625 0.708556721875 0.44166666718750003 0.7212391171875 0.4402777765625 0.73294594375 0.41527777656250003 0.70075216875 0.4027777765625 0.6841674984375 0.413888890625 0.6802652218749999 0.41805555625 0.6831919296875 0.43194444374999996
0 0.7807488203124999 0.46944444374999994 0.809040315625 0.476388890625 0.8256249890625 0.4722222234375 0.8256249890625 0.45694444375 0.8178204359375 0.45 0.8070891781249999 0.4402777765625 0.7722086015625 0.436111109375 0.7592863015625 0.4458333328125 0.770017559375 0.45972222343749997 0.7807488203124999 0.46944444374999994
0 0.7485550437499999 0.513888890625 0.7895289390625 0.51805555625 0.7924556468749999 0.5083333328124999 0.7885533703125 0.4972222234375 0.7797732500000001 0.49583333281249997 0.755384028125 0.49027777656250005 0.7263459953125 0.49444444374999996 0.7192879796875 0.5083333328124999 0.7280680984375001 0.511111109375 0.7485550437499999 0.513888890625
0 0.9417176859374999 0.55694444375 0.968058046875 0.55694444375 0.9875694234375001 0.5694444437499999 0.9983006812499999 0.513888890625 0.9719603203125 0.5125 0.9407421171875001 0.5083333328124999 0.930986428125 0.51805555625 0.9417176859374999 0.55694444375
0 0.2490637734375 0.41944444374999995 0.2558927546875 0.40833333281249995 0.24808820312500002 0.401388890625 0.2334546703125 0.39027777656249996 0.2227234125 0.398611109375 0.22369898125 0.413888890625 0.23833251562500002 0.42083333281249996 0.2490637734375 0.41944444374999995