0 0.1171875 0.23359375 0.1421875 0.0796875
0 0.325 0.06640625 0.12890625 0.08671875
0 0.77578125 0.04140625 0.103125 0.06328125
0 0.22109375 0.3984375 0.1921875 0.14296875
0 0.31953125 0.296875 0.0921875 0.06640625
0 0.63671875 0.48359375 0.42421875 0.1734375
0 0.430523028125 0.45 0.42596539218749996 0.4916666671875 0.4204962296875 0.5319444437499999 0.44875357187500003 0.548611109375 0.4943299296875 0.5597222234375 0.57363279375 0.5708333328124999 0.690308271875 0.5722222234375 0.7696111359375 0.5625 0.81701055 0.5583333328125 0.8562062171875 0.513888890625 0.8771713406250001 0.45 0.8562062171875 0.4347222234375 0.8024261140625001 0.426388890625 0.734973103125 0.41527777656250003 0.63926275 0.4222222234375 0.5690751578125 0.401388890625 0.5326140703125 0.411111109375 0.5180296375 0.4097222234375 0.4979760390625 0.40833333281249995 0.4624264796875 0.44444444375 0.430523028125 0.45
0 0.34028183749999996 0.25 0.3065553328125 0.27777777656249997 0.281032571875 0.286111109375 0.2737403546875 0.31944444375000003 0.336635728125 0.3291666671875 0.39041583125 0.301388890625 0.3876812515625 0.25 0.36945070625 0.25 0.34028183749999996 0.25
0 0.21540261562500002 0.32777777656249996 0.168914728125 0.338888890625 0.1379228046875 0.363888890625 0.1306305890625 0.42083333281249996 0.1597994578125 0.4375 0.1980836 0.45416666718750004 0.282968065625 0.43194444374999996 0.2773864640625 0.35972222343750004 0.250952175 0.3416666671875 0.2290755234375 0.325 0.21540261562500002 0.32777777656249996
0 0.116046153125 0.201388890625 0.092346446875 0.213888890625 0.059531468750000004 0.24722222343750003 0.051327725000000005 0.2722222234375 0.07320437656249999 0.2875 0.1215153171875 0.2875 0.16435709375000002 0.2625 0.18987985624999998 0.23888889062500002 0.176206946875 0.201388890625 0.14521502343749998 0.19861110937499998 0.116046153125 0.201388890625
0 0.31202449374999996 0.123611109375 0.33845878281249997 0.126388890625 0.36398154531250004 0.1166666671875 0.37400834375 0.09305555625 0.3803890328125 0.0666666671875 0.37491987031249996 0.0527777765625 0.31487908125 0.0375 0.2691827171875 0.0722222234375 0.2691827171875 0.0972222234375 0.2874132625 0.113888890625 0.31202449374999996 0.123611109375
0 0.7650534984374999 0.0666666671875 0.78875320625 0.07083333281250001 0.8197451296875 0.07083333281250001 0.8306834546875 0.054166667187499996 0.821568184375 0.0208333328125 0.78875320625 0.0125 0.7477344828125 0.0166666671875 0.72312325 0.0333333328125 0.75229211875 0.0625 0.7650534984374999 0.0666666671875