0 0.421875 0.58671875 0.16328125 0.09296875
0 0.271875 0.5296875 0.140625 0.06640625
0 0.16171875 0.4515625 0.165625 0.0703125
0 0.20390625 0.771875 0.35546875 0.13671875
0 0.38046875 0.91484375 0.20078125 0.14296875
0 0.68671875 0.803125 0.16015625 0.06640625
0 0.3390625 0.453125 0.1859375 0.053125
0 0.4144779734375 0.63055555625 0.44110073749999995 0.6347222234375 0.45989327500000005 0.6375 0.4833839453125 0.6333333328124999 0.5006104375 0.6208333328125 0.49747835 0.5916666671875 0.4771197671875 0.563888890625 0.4395346921875 0.5666666671875 0.416827040625 0.5666666671875 0.39177032500000003 0.5625 0.364364540625 0.5555555562500001 0.34489299375 0.5694444437499999 0.373760809375 0.588888890625 0.3878552125 0.5916666671875 0.4027326390625 0.6097222234374999 0.4144779734375 0.63055555625
0 0.68775279375 0.8347222234375 0.7292529796875 0.8361111093750001 0.7597908531249999 0.8388888906249999 0.7566587625000001 0.8125 0.7464794718750001 0.775 0.6979320828125 0.7875 0.6777564015624999 0.7805555562500001 0.6321582015625 0.79305555625 0.63450726875 0.81805555625 0.6501677156250001 0.8291666671875 0.68775279375 0.8347222234375
0 0.2821471875 0.8597222234374999 0.285279278125 0.9055555562500001 0.2978076375 0.9361111093750001 0.3158171515625 0.9625 0.3565343171875 0.9736111093750001 0.388638234375 0.9527777765625001 0.416827040625 0.9722222234375 0.4465818921875 0.98194444375 0.47242163125000003 0.9861111093750001 0.48260092343750005 0.98194444375 0.4857330125 0.95555555625 0.4747707 0.9097222234375 0.462242340625 0.89444444375 0.44814793750000004 0.85694444375 0.42622330937499997 0.8472222234375 0.3996005484375 0.8513888906249999 0.35742432343749997 0.85694444375 0.34243991406249996 0.8625 0.316600175 0.8625 0.2821471875 0.8597222234374999
0 0.0362781546875 0.726388890625 0.0307969984375 0.76944444375 0.06916509531250001 0.7777777765625 0.13258990937499998 0.7958333328125 0.18740147812500002 0.83194444375 0.24847722499999997 0.8444444437499999 0.293892525 0.8430555562500001 0.372194765625 0.8361111093750001 0.37845894375 0.7833333328125 0.3667136078125 0.775 0.326779465625 0.7666666671875 0.3111190171875 0.74444444375 0.266486740625 0.7375 0.2665721921875 0.726388890625 0.21324121875 0.726388890625 0.1098822609375 0.726388890625 0.0362781546875 0.726388890625
0 0.18896752187500002 0.536111109375 0.20384495 0.55694444375 0.234382821875 0.5597222234375 0.30955297187499997 0.561111109375 0.34243991406249996 0.536111109375 0.388638234375 0.5277777765625 0.46928954375 0.5152777765625001 0.6971490625000001 0.5152777765625001 0.70654533125 0.488888890625 0.25239233906249997 0.5 0.24464236874999998 0.501388890625 0.21872237343749998 0.501388890625 0.20149588125 0.51944444375 0.2093261046875 0.5291666671875 0.18896752187500002 0.536111109375
0 0.22890166562499997 0.423611109375 0.173307075 0.423611109375 0.1278917765625 0.4291666671875 0.080127409375 0.4583333328125 0.08247647500000001 0.488888890625 0.24064700156250002 0.4791666671875 0.41604401874999997 0.476388890625 0.41839308593749996 0.44444444375 0.3894212578125 0.4402777765625 0.262571628125 0.448611109375 0.25395838125000003 0.4458333328125 0.2453451359375 0.4347222234375 0.22890166562499997 0.423611109375