0 0.23984375 0.6296875 0.1546875 0.03984375
0 0.175 0.76328125 0.16484375 0.0796875
0 0.52265625 0.86328125 0.2953125 0.1796875
0 0.7984375 0.61640625 0.1125 0.03984375
0 0.85625 0.728125 0.17734375 0.0765625
0 0.95390625 0.8765625 0.0875 0.13359375
0 0.49375 0.49296875 0.1828125 0.046875
0 0.30390625 0.43515625 0.0625 0.03671875
0 0.4359375 0.36015625 0.0828125 0.0265625
0 0.77890625 0.41875 0.059375 0.025
0 0.7515625 0.37109375 0.0265625 0.02890625
0 0.4640625 0.31328125 0.0796875 0.02734375
0 0.078125 0.9453125 0.15625 0.109375
0 0.042483132812500005 1 0.169015634375 0.9875 0.16589137812500002 0.9416666671874999 0.1586014375 0.9027777765625 0.144021559375 0.8986111093750001 0.09195057031250001 0.8972222234375 0.0596665578125 0.9013888906249999 0.033631062499999996 0.9013888906249999 0.004541015625 0.9236111093750001 0.000524703125 1 0.042483132812500005 1
0 0.161725696875 0.8208333328125 0.20963100781250002 0.8208333328125 0.24712212031249997 0.8194444437499999 0.271074775 0.80694444375 0.2804475546875 0.7833333328125 0.2773232953125 0.75555555625 0.253370640625 0.7166666671875 0.2450392796875 0.6916666671875 0.217962365625 0.688888890625 0.2002582296875 0.7166666671875 0.153394340625 0.7041666671875 0.1377730421875 0.70555555625 0.126317425 0.7180555562500001 0.1252760046875 0.7333333328125 0.123193165625 0.7583333328124999 0.0899576828125 0.7722222234375 0.0898677328125 0.8111111093750001 0.117986065625 0.8194444437499999 0.161725696875 0.8208333328125
0 0.4501989796875 0.9625 0.5220569453125 0.9680555562500001 0.5803764546875 0.9541666671875 0.6272403453125001 0.9361111093750001 0.6564001 0.9041666671874999 0.6688971375 0.8875 0.6720213953124999 0.85 0.6501515796875 0.8041666671875 0.6303646046875 0.7875 0.598080590625 0.773611109375 0.560589478125 0.7652777765625001 0.5126841671875 0.7652777765625001 0.47311021562500005 0.76944444375 0.4335362625 0.7875 0.3679268171875 0.8388888906249999 0.378341015625 0.9138888906249999 0.406459346875 0.95555555625 0.4501989796875 0.9625
0 0.828234365625 0.7819444437499999 0.8521870203124999 0.7819444437499999 0.895926653125 0.7805555562500001 0.936542021875 0.7569444437499999 0.9584118406250001 0.7333333328125 0.926127825 0.7027777765625001 0.8730154156250001 0.6958333328124999 0.8243326828124999 0.70555555625 0.7928260921875 0.723611109375 0.7751219546875 0.738888890625 0.7990746093750001 0.76944444375 0.828234365625 0.7819444437499999
0 1 0.9695998265625001 0.997985790625 0.8111111093750001 0.9909993500000001 0.8 0.954246159375 0.8 0.9167550468749999 0.7916666671875 0.9021751703125 0.8083333328125001 0.8990509093749999 0.83194444375 0.898009490625 0.8722222234375 0.915713628125 0.9152777765625 0.936542021875 0.9333333328125001 0.9698674578125001 0.9666666671874999 1 0.9749810640625001 1 0.9695998265625001
0 0.7803290546875 0.6541666671875 0.8042817093749999 0.6569444437499999 0.8573941203125001 0.651388890625 0.8573941203125001 0.636111109375 0.8511456000000001 0.6125 0.8219858453125 0.60555555625 0.77224935 0.6 0.7438793625 0.6027777765625 0.7438793625 0.6277777765625 0.7595006578125 0.64444444375 0.7803290546875 0.6541666671875
0 0.7782462156250001 0.4375 0.785536153125 0.4375 0.7897018328125001 0.43194444374999996 0.7949089328125 0.41805555625 0.781370475 0.411111109375 0.7628743499999999 0.40555555625000006 0.736589421875 0.4166666671875 0.7438793625 0.42777777656250005 0.7574178203125 0.43194444374999996 0.7782462156250001 0.4375
0 0.7647077578125 0.39027777656249996 0.7574178203125 0.3652777765625 0.7407551031249999 0.35972222343750004 0.729299484375 0.36805555624999997 0.736589421875 0.3875 0.7553349796875 0.3958333328125 0.7647077578125 0.39027777656249996
0 0.4554060796875 0.5277777765625 0.4512404 0.523611109375 0.4897729328125 0.51944444375 0.5189326875 0.5291666671875 0.5126841671875 0.523611109375 0.548092440625 0.5125 0.5178912671875 0.5125 0.5189326875 0.498611109375 0.4928971921875 0.48333333281249996 0.47102737499999997 0.48055555625 0.454541015625 0.475 0.421039225 0.4847222234375 0.41374928750000006 0.5069444437499999 0.4272877453125 0.5222222234375 0.4554060796875 0.5277777765625
0 0.156518596875 0.651388890625 0.176305575 0.6555555562500001 0.20129965 0.663888890625 0.241915021875 0.6722222234374999 0.276281875 0.6791666671875001 0.31898008437500003 0.6791666671875001 0.3377256421875 0.6541666671875 0.3325185421875 0.6222222234375 0.29711027031250004 0.6152777765625 0.217041015625 0.6152777765625 0.174222734375 0.6152777765625 0.153394340625 0.6333333328124999 0.156518596875 0.651388890625
0 0.286696071875 0.45555555625000005 0.304400209375 0.461111109375 0.3273114453125 0.461111109375 0.3387670625 0.4458333328125 0.3325185421875 0.4222222234375 0.304400209375 0.41527777656250003 0.2877374921875 0.42083333281249996 0.27524045468749997 0.4458333328125 0.286696071875 0.45555555625000005
0 0.47311021562500005 0.413888890625 0.465820278125 0.398611109375 0.43370768281250005 0.3958333328125 0.40750076718750006 0.4027777765625 0.4147907078125 0.41527777656250003 0.43561910312499996 0.41805555625 0.47311021562500005 0.413888890625
0 0.4501989796875 0.38055555625 0.465820278125 0.3777777765625 0.4689445375 0.3708333328125 0.46477885781249995 0.35694444375 0.438916015625 0.348611109375 0.3950037296875 0.35555555625 0.406459346875 0.373611109375 0.42520490468750005 0.3777777765625 0.4501989796875 0.38055555625
0 0.47102737499999997 0.3291666671875 0.4949800296875 0.326388890625 0.5210155249999999 0.323611109375 0.5095599078124999 0.30694444375 0.481441575 0.30694444375 0.4574889171875 0.3027777765625 0.432666015625 0.3083333328125 0.423122065625 0.31944444375000003 0.441867621875 0.32777777656249996 0.47102737499999997 0.3291666671875