0 0.48671875 0.8234375 0.0375 0.03359375
0 0.459375 0.74140625 0.04921875 0.0296875
0 0.71328125 0.803125 0.04765625 0.053125
0 0.7921875 0.8984375 0.06171875 0.05
0 0.54296875 0.9265625 0.0328125 0.046875
0 0.6046875 0.8265625 0.0765625 0.0265625
0 0.4649106328125 0.76 0.47390400312500003 0.7566666671875 0.48139847812500003 0.7466666671875 0.4709062125 0.7366666671875 0.46653626406250004 0.735 0.45291947187500003 0.7366666671875 0.4409283125 0.7416666671875001 0.4506711296875 0.76 0.4649106328125 0.76
0 0.5016335609375 0.8383333328125 0.50313245625 0.8283333328125 0.48902501875000004 0.8133333328125 0.4724051078125 0.8116666671875 0.4709062125 0.8366666671875 0.48514571562500003 0.8383333328125 0.5016335609375 0.8383333328125
0 0.54884875625 0.925 0.5443520703125 0.9116666671875 0.5353587 0.9099999999999999 0.532360909375 0.945 0.54510151875 0.95 0.5510970984375 0.9433333328125 0.54884875625 0.925
0 0.584072790625 0.82 0.5870705796875 0.8150000000000001 0.5720816296875 0.8183333328125 0.5765783140625 0.8333333328125001 0.5878200265625 0.8316666671874999 0.584072790625 0.82
0 0.7137272109375 0.8150000000000001 0.7234700296875001 0.82 0.7294656109375001 0.82 0.725718371875 0.7983333328125 0.7244073281250001 0.7966666671875 0.7024855 0.7833333328125 0.6949910234375001 0.7916666671875 0.70398439375 0.8083333328125001 0.7137272109375 0.8150000000000001
0 0.7984147828125 0.8949999999999999 0.7931686484375 0.8833333328125 0.757944615625 0.8949999999999999 0.8096564953125001 0.9183333328125001 0.8186498656250001 0.9083333328125001 0.7984147828125 0.8949999999999999