0 0.525 0.8046875 0.1953125 0.38359375
0 0.73359375 0.653125 0.22109375 0.253125
0 0.93828125 0.796875 0.07109375 0.09296875
0 0.63046875 0.3453125 0.12734375 0.096875
0 0.4859375 0.30859375 0.09765625 0.0703125
0 0.48984375 0.43984375 0.27421875 0.2
0 0.63203125 0.46484375 0.0671875 0.05703125
0 0.565625 0.4953125 0.05078125 0.04296875
0 0.2234375 0.61171875 0.31171875 0.46328125
0 0.233161896875 0.46666666718750005 0.25426383750000003 0.45972222343749997 0.2792735421875 0.4458333328125 0.29255995 0.45694444375 0.283181309375 0.49027777656250005 0.2667686890625 0.5069444437499999 0.23863276875 0.5152777765625001 0.20346287031250002 0.536111109375 0.166729865625 0.5625 0.141720159375 0.5944444437499999 0.10576870468749999 0.623611109375 0.0877929796875 0.673611109375 0.086229875 0.7291666671875 0.106550259375 0.7625 0.11280268593750001 0.825 0.14719103125 0.8347222234375 0.1933026765625 0.8055555562500001 0.259734709375 0.73194444375 0.337890040625 0.6319444437499999 0.369933728125 0.5847222234375 0.374623046875 0.55 0.3605550875 0.4972222234375 0.3449240203125 0.46805555625000006 0.3488317875 0.43055555625 0.331637615625 0.40416666718750005 0.2956861609375 0.401388890625 0.29803082187499996 0.411111109375 0.261297815625 0.42083333281249996 0.21753083125 0.4291666671875 0.178453165625 0.4527777765625 0.1339046265625 0.4875 0.096390065625 0.501388890625 0.061220167187499994 0.5277777765625 0.0713803609375 0.5791666671875 0.0893560859375 0.5652777765625 0.15193822343750002 0.51805555625 0.157351225 0.5097222234375 0.18236093125 0.5027777765625 0.233161896875 0.46666666718750005
0 0.40588517968750004 0.49027777656250005 0.4191715859375 0.526388890625 0.449652165625 0.5472222234374999 0.4918560453125 0.5 0.4918560453125 0.44722222343749995 0.51686575 0.43194444374999996 0.564540503125 0.45694444375 0.57704535625 0.44305555625000004 0.57704535625 0.41944444374999995 0.6051812765625 0.39444444375 0.6169045734374999 0.38055555625 0.61534146875 0.363888890625 0.5715744828125 0.3708333328125 0.5348414765625 0.3722222234375 0.5027977906250001 0.36805555624999997 0.4645016796875 0.3527777765625 0.43558420625 0.3541666671875 0.38712789999999997 0.3777777765625 0.40443978593749996 0.38194444375000003 0.36289974687500004 0.413888890625 0.364462853125 0.44166666718750003 0.38790945468750004 0.4527777765625 0.40588517968750004 0.49027777656250005
0 0.5121764296875 0.34305555625 0.5293706046875 0.325 0.5371861375 0.2958333328125 0.526244390625 0.288888890625 0.510613325 0.2833333328125 0.48247740468750006 0.28194444375 0.456816271875 0.2791666671875 0.440273525 0.32083333281250004 0.4574676984375 0.3347222234375 0.479351190625 0.34305555625 0.5121764296875 0.34305555625
0 0.6372249609375 0.3708333328125 0.6481667078125 0.386111109375 0.6763026265625001 0.4 0.6966230125 0.388888890625 0.6974045671875 0.34722222343750003 0.6833366062499999 0.31944444375000003 0.6380065140625 0.311111109375 0.602836615625 0.301388890625 0.5731375890625 0.3083333328125 0.5754822500000001 0.326388890625 0.603783125 0.326388890625 0.6059628296875 0.3375 0.6169045734374999 0.375 0.6372249609375 0.3708333328125
0 0.63019098125 0.4875 0.6536375796875 0.486111109375 0.6622346671875 0.463888890625 0.6481667078125 0.45 0.63427093125 0.4402777765625 0.6083074875000001 0.451388890625 0.604399721875 0.47083333281249995 0.617686128125 0.48333333281249996 0.63019098125 0.4875
0 0.5786084609375 0.5152777765625001 0.586423996875 0.5083333328124999 0.5895502078125 0.48055555625 0.5832977828125 0.47777777656250003 0.5732953203125 0.476388890625 0.5512540953125 0.4916666671875 0.549690990625 0.513888890625 0.570011375 0.5166666671875 0.5786084609375 0.5152777765625001
0 0.7325744656250001 0.75 0.7747783453125 0.7569444437499999 0.820889990625 0.7541666671875 0.8333948421875 0.7027777765625001 0.8279239703125001 0.6347222234375 0.793535625 0.6 0.7489870843750001 0.56805555625 0.70678320625 0.54444444375 0.679428840625 0.536111109375 0.663016221875 0.5472222234374999 0.624720109375 0.6375 0.6380065140625 0.701388890625 0.6770841796875 0.73194444375 0.7325744656250001 0.75
0 0.455904590625 0.94305555625 0.455904590625 0.9736111093750001 0.45668614375 0.9930555562500001 0.604399721875 0.988888890625 0.5965841890625 0.9305555562500001 0.6215938953125 0.875 0.6340987484375 0.8055555562500001 0.6333171953125001 0.736111109375 0.609089040625 0.6666666671875 0.5504725421875001 0.6333333328124999 0.49654536406250005 0.626388890625 0.4527783796875 0.6333333328124999 0.44105507812500006 0.65 0.43089488593749997 0.73055555625 0.451996825 0.8055555562500001 0.4605939125 0.8597222234374999 0.455904590625 0.94305555625
0 0.9475016265624999 0.8472222234375 0.9654773531249999 0.8402777765625 0.96625890625 0.8138888906249999 0.9576618203124999 0.788888890625 0.9467200734375 0.7708333328125 0.9349967749999999 0.761111109375 0.9052977484375001 0.7722222234375 0.9092055140624999 0.8166666671874999 0.9318705609375 0.8375 0.9475016265624999 0.8472222234375