0 0.13203125 0.503125 0.121875 0.046875
0 0.046875 0.58203125 0.09296875 0.0765625
0 0.09921875 0.803125 0.19765625 0.1
0 0.42890625 0.58203125 0.1953125 0.11640625
0 0.6796875 0.4234375 0.1375 0.0734375
0 0.60703125 0.3265625 0.07578125 0.0265625
0 0.0421875 0.30703125 0.084375 0.053125
0 0.417778459375 0.6291666671875 0.44832677500000007 0.623611109375 0.46591519843749996 0.63055555625 0.486280740625 0.6125 0.5066462828125 0.5944444437499999 0.5214575859374999 0.58055555625 0.52238329375 0.563888890625 0.487206446875 0.5458333328125 0.4779493828125 0.526388890625 0.44369824218750004 0.526388890625 0.40666998281250005 0.5291666671875 0.3677903109375 0.5291666671875 0.3835273203125 0.551388890625 0.4029671578125 0.56805555625 0.389081559375 0.6027777765625 0.3548304203125 0.60694444375 0.3613103640625 0.6277777765625 0.417778459375 0.6291666671875
0 0.063232878125 0.85 0.0780441828125 0.8444444437499999 0.1085924953125 0.8347222234375 0.1317351578125 0.8347222234375 0.15765494062500002 0.8347222234375 0.181723309375 0.8222222234375 0.187277546875 0.801388890625 0.1678377109375 0.7916666671875 0.1446950484375 0.7847222234375 0.1076667890625 0.7819444437499999 0.07711847499999999 0.7847222234375 0.0447187484375 0.7902777765625 0.0077401625 0.7652777765625001 0.0039876625 0.8513888906249999 0.027130325 0.8513888906249999 0.063232878125 0.85
0 0.012319021874999999 0.58194444375 0.034535978125 0.58194444375 0.05490152031249999 0.5791666671875 0.070638528125 0.576388890625 0.07896988906249999 0.563888890625 0.0660099984375 0.5583333328125 0.05490152031249999 0.5527777765625 0.015147568750000001 0.5472222234374999 0.0086161953125 0.55694444375 0.00121054375 0.58194444375 0.012319021874999999 0.58194444375
0 0.087301246875 0.6152777765625 0.089152659375 0.6 0.087301246875 0.5944444437499999 0.0780441828125 0.5847222234375 0.06415858437500001 0.5791666671875 0.02250179375 0.58194444375 0.013244728124999999 0.588888890625 0.015096140625 0.5930555562500001 0.00121054375 0.6152777765625 0.034535978125 0.6222222234375 0.0724899421875 0.623611109375 0.087301246875 0.6152777765625
0 0.0826727140625 0.49305555625 0.065084290625 0.5 0.063232878125 0.5152777765625001 0.088226953125 0.5277777765625 0.1187752671875 0.526388890625 0.15765494062500002 0.5277777765625 0.1826490140625 0.525 0.18635184062500001 0.5083333328124999 0.1669120046875 0.4916666671875 0.124406828125 0.48333333281249996 0.11322102812499998 0.4916666671875 0.10118684375 0.49305555625 0.0826727140625 0.49305555625
0 0.0493472796875 0.32083333281250004 0.0660099984375 0.3125 0.0780441828125 0.301388890625 0.0826727140625 0.288888890625 0.07526706250000001 0.286111109375 0.0558272265625 0.286111109375 0.0308331515625 0.29305555625 0.0040364578125 0.29305555625 0.00491336875 0.32777777656249996 0.02250179375 0.326388890625 0.0493472796875 0.32083333281250004
0 0.6371708984375 0.413888890625 0.657536440625 0.43055555625 0.664016384375 0.44722222343749995 0.6779019828124999 0.4625 0.710301709375 0.4625 0.71678165625 0.44444444375 0.736221490625 0.4402777765625 0.74732996875 0.438888890625 0.7464042625 0.42777777656250005 0.728815840625 0.41944444374999995 0.7501070890625 0.413888890625 0.7436271421875 0.40555555625000006 0.70104464375 0.3958333328125 0.6438512734375 0.386111109375 0.640873721875 0.3847222234375 0.635319484375 0.3958333328125 0.6371708984375 0.413888890625
0 0.6056968781250001 0.338888890625 0.6214338859375 0.3375 0.6371708984375 0.32777777656249996 0.6251367140624999 0.3152777765625 0.5910734953125 0.3152777765625 0.5890341593749999 0.325 0.5908855734375 0.3333333328125 0.6056968781250001 0.338888890625