0 0.51640625 0.36640625 0.08828125 0.03359375
0 0.4875 0.3296875 0.0609375 0.03359375
0 0.43046875 0.303125 0.053125 0.0203125
0 0.471875 0.45703125 0.0859375 0.0265625
0 0.53046875 0.50859375 0.16640625 0.06328125
0 0.6328125 0.65 0.32109375 0.146875
0 0.4796875 0.84296875 0.11640625 0.0796875
0 0.6859375 0.93203125 0.1640625 0.1296875
0 0.44317386562500005 0.88055555625 0.4789397984375 0.8847222234375 0.5115499140625 0.8833333328125 0.534692575 0.8736111093750001 0.54626390625 0.8416666671874999 0.5178615484375 0.823611109375 0.490511128125 0.8166666671874999 0.47807173281250004 0.8138888906249999 0.4421219265625 0.8125 0.4200312046875 0.8416666671874999 0.42423896250000004 0.86944444375 0.44317386562500005 0.88055555625
0 0.612536075 0.8888888906249999 0.612536075 0.95 0.6167438328125 0.9875 0.7619114390624999 0.9930555562500001 0.7598075609375 0.9583333328125001 0.7524439875 0.8833333328125 0.718781934375 0.8833333328125 0.672726615625 0.88055555625 0.6746004875 0.8819444437499999 0.6546136437500001 0.8819444437499999 0.612536075 0.8888888906249999
0 0.5367964546875 0.7083333328125 0.5872895359375 0.7180555562500001 0.6746004875 0.7125 0.708262540625 0.711111109375 0.7324571421875 0.7125 0.7787424671875 0.698611109375 0.7892618578125 0.6666666671875 0.7682230750000001 0.6333333328124999 0.7229896890624999 0.611111109375 0.6893276359375 0.6 0.64725006875 0.625 0.59360116875 0.6097222234374999 0.5389003328124999 0.5902777765625 0.5075330124999999 0.5930555562500001 0.496822765625 0.6319444437499999 0.4747320421875 0.6583333328125 0.5010305234375 0.6958333328124999 0.5367964546875 0.7083333328125
0 0.4389661109375 0.49583333281249997 0.45579713593750004 0.525 0.49261500781249995 0.54305555625 0.5389003328124999 0.55 0.5788740234375 0.5527777765625 0.613588015625 0.548611109375 0.6167438328125 0.536111109375 0.612536075 0.501388890625 0.5914972921875 0.488888890625 0.54626390625 0.5 0.512601853125 0.48333333281249996 0.5031343984375 0.48194444374999995 0.46421265156249997 0.48194444374999995 0.4389661109375 0.49583333281249997
0 0.5115499140625 0.4402777765625 0.47999173749999996 0.438888890625 0.44498034531249997 0.44552425625 0.43686223281250003 0.475 0.4473816234375 0.48194444374999995 0.471576225 0.48194444374999995 0.51575766875 0.47777777656250003 0.5262770625 0.4652777765625 0.5115499140625 0.4402777765625
0 0.5315367578125 0.4027777765625 0.549419725 0.398611109375 0.56099105625 0.388888890625 0.5641468734374999 0.3652777765625 0.549419725 0.35555555625 0.510497975 0.35555555625 0.488407253125 0.3625 0.4652645890625 0.373611109375 0.4810436765625 0.386111109375 0.5115499140625 0.3972222234375 0.5315367578125 0.4027777765625
0 0.44317386562500005 0.3152777765625 0.45579713593750004 0.311111109375 0.437914171875 0.29722222343750004 0.43177543749999997 0.29722222343750004 0.40214823749999995 0.298611109375 0.41161569218749994 0.313888890625 0.42318702343750003 0.3152777765625 0.44317386562500005 0.3152777765625
0 0.49156306875 0.3458333328125 0.5094460359374999 0.3458333328125 0.50734215625 0.31944444375000003 0.49261500781249995 0.3152777765625 0.45790101562499996 0.31805555625 0.454745196875 0.34027777656249997 0.46736846718749997 0.3458333328125 0.49156306875 0.3458333328125