0 0.56484375 0.80859375 0.22109375 0.18359375
0 0.56171875 0.5015625 0.18125 0.09375
0 0.6421875 0.40234375 0.14453125 0.0640625
0 0.65 0.3296875 0.10234375 0.03984375
0 0.54140625 0.371875 0.1265625 0.05625
0 0.39609375 0.42578125 0.1 0.04296875
0 0.39453125 0.384375 0.08203125 0.0375
0 0.46796875 0.33125 0.0515625 0.02265625
0 0.5875 0.3015625 0.07421875 0.0265625
0 0.55390625 0.27734375 0.0796875 0.0265625
0 0.10546875 0.75390625 0.1 0.08984375
0 0.60625 0.2375 0.05390625 0.02265625
0 0.35234375 0.34609375 0.0796875 0.03359375