0 0.34375 0.459375 0.08671875 0.03984375
0 0.3328125 0.41796875 0.06015625 0.02734375
0 0.31875 0.621875 0.06640625 0.0328125
0 0.28515625 0.7203125 0.09375 0.0421875
0 0.4359375 0.79921875 0.2125 0.13671875
0 0.86796875 0.66015625 0.053125 0.05078125
0 0.64609375 0.6921875 0.05625 0.053125
0 0.5296875 0.41796875 0.05078125 0.02265625
0 0.76796875 0.384375 0.146875 0.0375
0 0.91328125 0.4359375 0.04296875 0.025
0 0.86328125 0.4609375 0.04296875 0.02265625
0 0.959375 0.5390625 0.0765625 0.025
0 0.94375 0.51171875 0.06015625 0.01796875
0 0.67578125 0.5765625 0.0640625 0.02734375
0 0.72890625 0.62109375 0.03984375 0.025
0 0.6109375 0.9390625 0.11640625 0.11796875