0 0.42109375 0.7171875 0.22265625 0.10703125
0 0.65625 0.84609375 0.1296875 0.1203125
0 0.57421875 0.6375 0.115625 0.0640625
0 0.54375 0.56875 0.0921875 0.05078125
0 0.4296875 0.609375 0.0953125 0.05078125
0 0.41796875 0.50703125 0.08515625 0.03359375
0 0.6171875 0.47890625 0.1625 0.03984375
0 0.72421875 0.5171875 0.09765625 0.03984375
0 0.52734375 0.43359375 0.0875 0.0265625
0 0.078125 0.6578125 0.15625 0.0890625
0 0.12890625 0.58203125 0.1 0.04296875
0 0.17890625 0.53984375 0.11328125 0.05078125
0 0.2453125 0.46796875 0.0671875 0.02265625
0 0.3109375 0.434375 0.06953125 0.02265625
0 0.2671875 0.39453125 0.10703125 0.0296875
0 0.396875 0.35 0.10234375 0.0265625
0 0.3546875 0.3734375 0.06484375 0.0203125
0 0.51171875 0.3875 0.0578125 0.0203125