0 0.6578125 0.3984375 0.484375 0.1515625
0 0.33046875 0.40078125 0.153125 0.065625
0 0.53203125 0.4671875 0.23125 0.109375
0 0.7671875 0.82421875 0.3640625 0.1640625
0 0.68046875 0.88125 0.1890625 0.1015625
0 0.65546875 0.1046875 0.2796875 0.0875
0 0.7265625 0.17265625 0.2234375 0.06875
0 0.921875 0.21875 0.15625 0.05625
0 0.22578125 0.1140625 0.265625 0.0765625
0 0.64765625 0.22734375 0.3109375 0.1
0 0.396875 0.209375 0.2671875 0.084375
0 0.57734375 0.2765625 0.3078125 0.1140625
0 0.85078125 0.3515625 0.2984375 0.140625