0 0.18203125 0.4609375 0.0546875 0.04375
0 0.515625 0.41171875 0.15625 0.078125
0 0.32734375 0.45 0.14375 0.09375
0 0.23359375 0.48515625 0.0484375 0.0359375
0 0.50234375 0.56171875 0.1296875 0.10625
0 0.2421875 0.653125 0.1453125 0.090625
0 0.321875 0.74453125 0.3421875 0.2484375
0 0.80703125 0.1796875 0.0875 0.0359375
0 0.01953125 0.3234375 0.0390625 0.03125
0 0.478125 0.240625 0.05625 0.0375
0 0.53984375 0.26328125 0.109375 0.046875
0 0.69296875 0.2359375 0.0953125 0.04375
0 0.0140625 0.36328125 0.028125 0.0484375
0 0.26328125 0.32421875 0.1359375 0.0484375