0 0.70390625 0.328125 0.0796875 0.0203125
0 0.653125 0.33203125 0.0296875 0.0171875
0 0.8859375 0.36015625 0.040625 0.01875
0 0.75390625 0.35625 0.08125 0.025
0 0.55078125 0.36328125 0.1125 0.0390625
0 0.76640625 0.41171875 0.059375 0.0234375
0 0.42265625 0.41328125 0.225 0.0765625
0 0.2515625 0.42109375 0.146875 0.0484375
0 0.6875 0.46484375 0.3390625 0.08125
0 0.4796875 0.4828125 0.234375 0.078125
0 0.90234375 0.528125 0.1953125 0.075
0 0.43203125 0.53203125 0.1671875 0.0546875
0 0.80546875 0.5640625 0.1890625 0.0671875
0 0.06953125 0.51953125 0.1390625 0.1109375
0 0.64296875 0.5625 0.1015625 0.0421875
0 0.7265625 0.6171875 0.271875 0.071875
0 0.35390625 0.59453125 0.0671875 0.028125
0 0.57734375 0.7234375 0.1640625 0.0953125
0 0.71796875 0.915625 0.1234375 0.0703125
0 0.45234375 0.18828125 0.0171875 0.0125
0 0.55234375 0.21015625 0.1140625 0.0203125
0 0.69296875 0.221875 0.0546875 0.01875
0 0.453125 0.22890625 0.0359375 0.0109375
0 0.509375 0.240625 0.0734375 0.0203125
0 0.25859375 0.23671875 0.09375 0.0421875
0 0.36015625 0.2453125 0.0984375 0.021875
0 0.61015625 0.278125 0.0671875 0.0203125
0 0.653125 0.3046875 0.040625 0.01875
0 0.3890625 0.29140625 0.084375 0.025