0 0.3765625 0.3875 0.0546875 0.03125
0 0.8875 0.31015625 0.05 0.040625
0 0.5171875 0.39453125 0.0390625 0.03125
0 0.771875 0.3515625 0.1171875 0.05625
0 0.3265625 0.43359375 0.0609375 0.0453125
0 0.50859375 0.41640625 0.04375 0.028125
0 0.40234375 0.43828125 0.075 0.0421875
0 0.6546875 0.39375 0.0625 0.0390625
0 0.33671875 0.46015625 0.059375 0.034375
0 0.6671875 0.43125 0.05625 0.034375
0 0.9609375 0.66640625 0.078125 0.1515625
0 0.6390625 0.76640625 0.3390625 0.25625
0 0.315625 0.265625 0.040625 0.0171875
0 0.5734375 0.271875 0.0359375 0.0171875
0 0.36875 0.31640625 0.0765625 0.0375
0 0.4703125 0.31640625 0.0296875 0.0234375
0 0.5265625 0.30625 0.053125 0.034375
0 0.603125 0.3078125 0.03125 0.0234375
0 0.4765625 0.3328125 0.0796875 0.034375
0 0.79296875 0.29140625 0.0265625 0.025
0 0.45625 0.35859375 0.09375 0.0453125
0 0.5484375 0.34375 0.046875 0.0265625