0 0.63671875 0.4 0.33125 0.14375
0 0.86796875 0.43203125 0.0390625 0.034375
0 0.37109375 0.503125 0.1140625 0.1046875
0 0.93828125 0.54296875 0.1234375 0.1484375
0 0.6859375 0.646875 0.340625 0.36875
0 0.1046875 0.00546875 0.0375 0.0109375
0 0.18203125 0.00859375 0.0296875 0.0125
0 0.046875 0.01953125 0.040625 0.009375
0 0.1203125 0.03515625 0.08125 0.04375
0 0.5625 0.071875 0.0234375 0.0125
0 0.228125 0.0609375 0.046875 0.01875
0 0.271875 0.06875 0.0375 0.0140625
0 0.57421875 0.10859375 0.0703125 0.03125
0 0.70234375 0.1546875 0.0796875 0.040625
0 0.478125 0.17890625 0.0203125 0.0125
0 0.77578125 0.24453125 0.05625 0.034375
0 0.06875 0.2390625 0.121875 0.2046875
0 0.92890625 0.29140625 0.040625 0.0171875