0 0.3140625 0.41796875 0.046875 0.0203125
0 0.44765625 0.62421875 0.0515625 0.0515625
0 0.096875 0.71328125 0.184375 0.1546875
0 0.696875 0.80234375 0.2 0.2515625
0 0.90859375 0.85390625 0.1828125 0.1328125
0 0.665625 0.20390625 0.0265625 0.01875
0 0.63046875 0.21640625 0.0328125 0.0125
0 0.57421875 0.25390625 0.1015625 0.021875
0 0.46796875 0.29609375 0.0609375 0.0234375
0 0.853125 0.2828125 0.053125 0.0375
0 0.13515625 0.31484375 0.1296875 0.0546875
0 0.584375 0.30234375 0.1203125 0.0265625
0 0.50859375 0.3265625 0.046875 0.0234375