0 0.4234375 0.7203125 0.22265625 0.10703125
0 0.6578125 0.85 0.1296875 0.1203125
0 0.57734375 0.64140625 0.11484375 0.06328125
0 0.54609375 0.571875 0.0921875 0.05
0 0.4328125 0.61171875 0.0953125 0.05
0 0.4203125 0.51015625 0.08515625 0.03359375
0 0.61875 0.48359375 0.1625 0.03984375
0 0.7265625 0.5203125 0.09765625 0.03984375
0 0.52890625 0.43671875 0.0875 0.0265625
0 0.0796875 0.66015625 0.1546875 0.08671875
0 0.1328125 0.58515625 0.1 0.04296875
0 0.18125 0.54140625 0.1125 0.05
0 0.24609375 0.471875 0.0671875 0.0234375
0 0.3125 0.43828125 0.0703125 0.0234375
0 0.26875 0.3984375 0.1078125 0.0296875
0 0.3984375 0.353125 0.10234375 0.0265625
0 0.3578125 0.3765625 0.06484375 0.0203125
0 0.5140625 0.38984375 0.0578125 0.0203125