0 0.671875 0.61484375 0.26328125 0.196875
0 0.328125 0.8546875 0.43671875 0.2765625
0 0.8046875 0.93984375 0.3296875 0.1203125
0 0.92109375 0.74765625 0.1578125 0.1359375
0 0.3453125 0.45859375 0.38984375 0.16328125
0 0.68984375 0.38671875 0.153125 0.06640625
0 0.8796875 0.43984375 0.13984375 0.1
0 0.975 0.51640625 0.05 0.06015625
0 0.6296875 0.18671875 0.153125 0.053125
0 0.48515625 0.28203125 0.18984375 0.06328125
0 0.4046875 0.221875 0.08359375 0.03671875
0 0.2203125 0.23203125 0.19296875 0.0703125
0 0.696875 0.128125 0.1 0.03671875
0 0.58984375 0.11015625 0.13359375 0.03984375
0 0.34296875 0.16015625 0.246875 0.06640625
0 0.753125 0.071875 0.1796875 0.0703125
0 0.571875 0.346875 0.13671875 0.053125
0 0.69140625 0.28515625 0.06328125 0.03671875
0 0.0453125 0.71328125 0.08359375 0.10703125