0 0.6765625 0.68515625 0.071875 0.03984375
0 0.64609375 0.65234375 0.0203125 0.01640625
0 0.76875 0.78984375 0.10859375 0.03125
0 0.73984375 0.75234375 0.07109375 0.03828125
0 0.0921875 0.74296875 0.1828125 0.146875
0 0.20625 0.65625 0.03671875 0.03046875
0 0.2890625 0.6046875 0.03359375 0.025
0 0.3546875 0.56953125 0.071875 0.05
0 0.41953125 0.55859375 0.034375 0.021875
0 0.4609375 0.50546875 0.01328125 0.0046875
0 0.546875 0.515625 0.01171875 0.00546875
0 0.5109375 0.50078125 0.00625 0.0046875
0 0.52734375 0.4953125 0.0078125 0.00625