0 0.52109375 0.7046875 0.0453125 0.03671875
0 0.52265625 0.6671875 0.04453125 0.0296875
0 0.5203125 0.6140625 0.04453125 0.02421875
0 0.52265625 0.58984375 0.0296875 0.01328125
0 0.52109375 0.57265625 0.034375 0.01875
0 0.52265625 0.55 0.03203125 0.02421875
0 0.52109375 0.53125 0.01875 0.00859375
0 0.521875 0.51171875 0.01015625 0.0140625
0 0.52421875 0.52265625 0.01015625 0.00625
0 0.46953125 0.5328125 0.0171875 0.0078125
0 0.43046875 0.53515625 0.01953125 0.01171875
0 0.49296875 0.5078125 0.021875 0.0078125