0 0.38203125 0.82421875 0.1390625 0.09609375
0 0.48828125 0.75859375 0.08203125 0.0578125
0 0.259375 0.61328125 0.134375 0.08203125
0 0.4359375 0.59375 0.06953125 0.0484375
0 0.56484375 0.6 0.08203125 0.03359375
0 0.69375 0.59375 0.05078125 0.03359375
0 0.571875 0.5765625 0.11796875 0.0265625
0 0.43125 0.49609375 0.084375 0.0484375
0 0.19140625 0.48203125 0.0359375 0.02421875
0 0.30546875 0.50390625 0.06484375 0.040625
0 0.3578125 0.44453125 0.03125 0.021875
0 0.80859375 0.7703125 0.19453125 0.10078125