0 0.49609375 0.77578125 0.07734375 0.06328125
0 0.55703125 0.65234375 0.05 0.03984375
0 0.546875 0.59765625 0.040625 0.02421875
0 0.5046875 0.57421875 0.04296875 0.01875
0 0.4984375 0.55859375 0.0265625 0.01328125
0 0.48046875 0.63515625 0.02421875 0.02421875
0 0.49140625 0.5953125 0.03515625 0.0140625
0 0.4875 0.67578125 0.04921875 0.04765625
0 0.25703125 0.62421875 0.03046875 0.01171875
0 0.3640625 0.56171875 0.01796875 0.00859375
0 0.43984375 0.5359375 0.02265625 0.00859375
0 0.515625 0.7328125 0.07109375 0.0390625
0 0.53984375 0.70234375 0.03203125 0.05234375