0 0.64375 0.81484375 0.259375 0.203125
0 0.65546875 0.4953125 0.2078125 0.08984375
0 0.75703125 0.39140625 0.18046875 0.05
0 0.76875 0.31640625 0.12265625 0.03984375
0 0.69296875 0.28671875 0.10625 0.03359375
0 0.64609375 0.26015625 0.0953125 0.0265625
0 0.71328125 0.2203125 0.065625 0.0265625
0 0.44140625 0.41328125 0.12265625 0.046875
0 0.4453125 0.3703125 0.0875 0.03984375
0 0.53984375 0.31796875 0.0734375 0.0296875
0 0.3890625 0.3296875 0.08984375 0.03359375
0 0.3375 0.371875 0.0625 0.0296875
0 0.078125 0.75703125 0.12265625 0.1